{
    "armature": {
        "joints": ["Root", "Thigh_R", "Leg_R", "Knee_R", "Thigh_L", "Leg_L", "Knee_L", "Torso", "Chest", "Head", "Shoulder_R", "Arm_R", "Hand_R", "Tool_R", "Elbow_R", "Shoulder_L", "Arm_L", "Hand_L", "Tool_L", "Elbow_L"],
        "hierarchy": [
            {
                "name": "Root",
                "transform": [1.0, 0.0, 0.0, -5e-06, 0.0, 0.0, -1.0, 0.000946, 0.0, 1.0, 0.0, 0.763972, 0.0, 0.0, 0.0, 1.0],
                "children": [
                    {
                        "name": "Thigh_R",
                        "transform": [1.0, -0.0, -0.0, 0.124994, -0.0, -0.999984, 0.00567, -0.002831, -0.0, -0.00567, -0.999984, -1.2e-05, 0.0, 0.0, 0.0, 1.0],
                        "children": [
                            {
                                "name": "Leg_R",
                                "transform": [1.0, 0.0, 1e-06, -0.0, -0.0, 0.999936, 0.011335, 0.374726, -1e-06, -0.011335, 0.999936, 0.0, 0.0, 0.0, 0.0, 1.0],
                                "children": []
                            },
                            {
                                "name": "Knee_R",
                                "transform": [1.0, 0.0, -0.0, -0.0, -0.0, 0.00567, -0.999984, 0.374726, -0.0, 0.999984, 0.00567, 0.0, 0.0, 0.0, 0.0, 1.0],
                                "children": []
                            }
                        ]
                    },
                    {
                        "name": "Thigh_L",
                        "transform": [1.0, -0.0, -0.0, -0.125006, -0.0, -0.999984, 0.00567, -0.002831, -0.0, -0.00567, -0.999984, -1.2e-05, 0.0, 0.0, 0.0, 1.0],
                        "children": [
                            {
                                "name": "Leg_L",
                                "transform": [1.0, 0.0, 1e-06, -0.0, -0.0, 0.999936, 0.011335, 0.374726, -1e-06, -0.011335, 0.999936, -0.0, 0.0, 0.0, 0.0, 1.0],
                                "children": []
                            },
                            {
                                "name": "Knee_L",
                                "transform": [1.0, 0.0, -0.0, -0.0, -0.0, 0.00567, -0.999984, 0.374726, -0.0, 0.999984, 0.00567, -0.0, 0.0, 0.0, 0.0, 1.0],
                                "children": []
                            }
                        ]
                    },
                    {
                        "name": "Torso",
                        "transform": [1.0, 0.0, 0.0, 0.0, 0.0, 1.0, 0.0, 0.05, 0.0, 0.0, 1.0, 0.0, 0.0, 0.0, 0.0, 1.0],
                        "children": [
                            {
                                "name": "Chest",
                                "transform": [1.0, 0.0, 0.0, 0.0, 0.0, 1.0, 0.0, 0.3, 0.0, 0.0, 1.0, 0.0, 0.0, 0.0, 0.0, 1.0],
                                "children": [
                                    {
                                        "name": "Head",
                                        "transform": [1.0, 0.0, 0.0, 0.0, 0.0, 1.0, 0.0, 0.4, 0.0, 0.0, 1.0, 0.0, 0.0, 0.0, 0.0, 1.0],
                                        "children": []
                                    },
                                    {
                                        "name": "Shoulder_R",
                                        "transform": [0.0, 0.952114, 0.305743, 0.0, 0.0, -0.305743, 0.952114, 0.4, 1.0, 0.0, -0.0, 0.0, 0.0, 0.0, 0.0, 1.0],
                                        "children": [
                                            {
                                                "name": "Arm_R",
                                                "transform": [0.0, 0.003946, -0.999992, -0.0, 0.952114, 0.305741, 0.001207, 0.39386, 0.305743, -0.952107, -0.003757, 0.0, 0.0, 0.0, 0.0, 1.0],
                                                "children": [
                                                    {
                                                        "name": "Hand_R",
                                                        "transform": [1.0, -0.0, 0.0, 0.0, 0.0, 0.999963, -0.008633, 0.300003, -0.0, 0.008633, 0.999963, 0.0, 0.0, 0.0, 0.0, 1.0],
                                                        "children": [
                                                            {
                                                                "name": "Tool_R",
                                                                "transform": [1.0, -0.0, 0.0, 0.0, 0.0, -0.999559, -0.029689, 0.271711, 0.0, 0.029689, -0.999559, -0.028915, 0.0, 0.0, 0.0, 1.0],
                                                                "children": []
                                                            }
                                                        ]
                                                    },
                                                    {
                                                        "name": "Elbow_R",
                                                        "transform": [-1.0, 0.0, -0.0, 0.0, 0.0, 0.003946, -0.999992, 0.300008, -0.0, -0.999992, -0.003946, -0.001252, 0.0, 0.0, 0.0, 1.0],
                                                        "children": []
                                                    }
                                                ]
                                            }
                                        ]
                                    },
                                    {
                                        "name": "Shoulder_L",
                                        "transform": [-0.0, -0.952114, -0.305743, 0.0, 0.0, -0.305743, 0.952114, 0.4, -1.0, 0.0, 0.0, 0.0, 0.0, 0.0, 0.0, 1.0],
                                        "children": [
                                            {
                                                "name": "Arm_L",
                                                "transform": [-0.0, -0.003946, 0.999992, -0.0, -0.952114, 0.305741, 0.001206, 0.39386, -0.305743, -0.952106, -0.003757, 0.0, 0.0, 0.0, 0.0, 1.0],
                                                "children": [
                                                    {
                                                        "name": "Hand_L",
                                                        "transform": [1.0, -0.0, 0.0, -0.0, 0.0, 0.999963, -0.008633, 0.300003, -0.0, 0.008633, 0.999963, -0.0, 0.0, 0.0, 0.0, 1.0],
                                                        "children": [
                                                            {
                                                                "name": "Tool_L",
                                                                "transform": [1.0, -0.0, 0.0, -0.0, 0.0, -0.999559, -0.029689, 0.271711, 0.0, 0.029689, -0.999559, -0.028915, 0.0, 0.0, 0.0, 1.0],
                                                                "children": []
                                                            }
                                                        ]
                                                    },
                                                    {
                                                        "name": "Elbow_L",
                                                        "transform": [-1.0, 0.0, -0.0, -0.0, 0.0, 0.003946, -0.999992, 0.300008, -0.0, -0.999992, -0.003946, -0.001252, 0.0, 0.0, 0.0, 1.0],
                                                        "children": []
                                                    }
                                                ]
                                            }
                                        ]
                                    }
                                ]
                            }
                        ]
                    }
                ]
            },
            {},
            {},
            {},
            {},
            {},
            {},
            {},
            {}
        ]
    },
    "animation": [
        {
            "name": "Root",
            "time": [0.0, 0.0333, 0.0667, 0.1, 0.1333, 0.1667, 0.2, 0.2333, 0.2667, 0.3, 0.3333, 0.3667, 0.4, 0.4333, 0.4667, 0.5, 0.5333, 0.5667, 0.6, 0.6333, 0.6667, 0.7, 0.7333, 0.7667, 0.8, 0.8333, 0.8667, 0.9, 0.9333, 0.9667, 1.0, 1.0333, 1.0667, 1.1, 1.1333, 1.1667, 1.2, 1.2333, 1.2667, 1.3, 1.3333, 1.3667, 1.4, 1.4333, 1.4667, 1.5, 1.5333, 1.5667, 1.6, 1.6333, 1.6667, 1.7, 1.7333, 1.7667, 1.8, 1.8333, 1.8667, 1.9, 1.9333, 1.9667, 2.0, 2.0333, 2.0667, 2.0833],
            "transform": [
                [0.999942, -0.0, 0.010809, -5e-06, 0.004139, 0.923783, -0.382895, 0.000946, -0.009985, 0.382918, 0.923729, -0.016787, 0.0, 0.0, 0.0, 1.0],
                [0.999942, -0.0, 0.010809, -5e-06, 0.004139, 0.923783, -0.382895, 0.000946, -0.009985, 0.382918, 0.923729, -0.016787, 0.0, 0.0, 0.0, 1.0],
                [0.999942, -0.0, 0.010809, -5e-06, 0.004139, 0.923783, -0.382895, 0.000946, -0.009985, 0.382918, 0.923729, -0.016787, 0.0, 0.0, 0.0, 1.0],
                [0.999942, -0.0, 0.010809, -5e-06, 0.004139, 0.923783, -0.382895, 0.000946, -0.009985, 0.382918, 0.923729, -0.016787, 0.0, 0.0, 0.0, 1.0],
                [0.999942, -0.0, 0.010809, -5e-06, 0.004139, 0.923783, -0.382895, 0.000946, -0.009985, 0.382918, 0.923729, -0.016787, 0.0, 0.0, 0.0, 1.0],
                [0.999942, -0.0, 0.010809, -5e-06, 0.004139, 0.923783, -0.382895, 0.000946, -0.009985, 0.382918, 0.923729, -0.016787, 0.0, 0.0, 0.0, 1.0],
                [0.999942, -0.0, 0.010809, -5e-06, 0.004139, 0.923783, -0.382895, 0.000946, -0.009985, 0.382918, 0.923729, -0.016787, 0.0, 0.0, 0.0, 1.0],
                [0.999942, -0.0, 0.010809, -5e-06, 0.004139, 0.923783, -0.382895, 0.000946, -0.009985, 0.382918, 0.923729, -0.016787, 0.0, 0.0, 0.0, 1.0],
                [0.999942, -0.0, 0.010809, -5e-06, 0.004139, 0.923783, -0.382895, 0.000946, -0.009985, 0.382918, 0.923729, -0.016787, 0.0, 0.0, 0.0, 1.0],
                [0.999942, -0.0, 0.010809, -5e-06, 0.004139, 0.923783, -0.382895, 0.000946, -0.009985, 0.382918, 0.923729, -0.016787, 0.0, 0.0, 0.0, 1.0],
                [0.999942, -0.0, 0.010809, -5e-06, 0.004139, 0.923783, -0.382895, 0.000946, -0.009985, 0.382918, 0.923729, -0.016787, 0.0, 0.0, 0.0, 1.0],
                [0.999942, -0.0, 0.010809, -5e-06, 0.004139, 0.923783, -0.382895, 0.000946, -0.009985, 0.382918, 0.923729, -0.016787, 0.0, 0.0, 0.0, 1.0],
                [0.999942, -0.0, 0.010809, -5e-06, 0.004139, 0.923783, -0.382895, 0.000946, -0.009985, 0.382918, 0.923729, -0.016787, 0.0, 0.0, 0.0, 1.0],
                [0.999942, -0.0, 0.010809, -5e-06, 0.004139, 0.923783, -0.382895, 0.000946, -0.009985, 0.382918, 0.923729, -0.016787, 0.0, 0.0, 0.0, 1.0],
                [0.999942, -0.0, 0.010809, -5e-06, 0.004139, 0.923783, -0.382895, 0.000946, -0.009985, 0.382918, 0.923729, -0.016787, 0.0, 0.0, 0.0, 1.0],
                [0.999942, -0.0, 0.010809, -5e-06, 0.004139, 0.923783, -0.382895, 0.000946, -0.009985, 0.382918, 0.923729, -0.016787, 0.0, 0.0, 0.0, 1.0],
                [0.999942, -0.0, 0.010809, -5e-06, 0.004139, 0.923783, -0.382895, 0.000946, -0.009985, 0.382918, 0.923729, -0.016787, 0.0, 0.0, 0.0, 1.0],
                [0.999942, -0.0, 0.010809, -5e-06, 0.004139, 0.923783, -0.382895, 0.000946, -0.009985, 0.382918, 0.923729, -0.016787, 0.0, 0.0, 0.0, 1.0],
                [0.999942, -0.0, 0.010809, -5e-06, 0.004139, 0.923783, -0.382895, 0.000946, -0.009985, 0.382918, 0.923729, -0.016787, 0.0, 0.0, 0.0, 1.0],
                [0.999942, -0.0, 0.010809, -5e-06, 0.004139, 0.923783, -0.382895, 0.000946, -0.009985, 0.382918, 0.923729, -0.016787, 0.0, 0.0, 0.0, 1.0],
                [0.999942, -0.0, 0.010809, -5e-06, 0.004139, 0.923783, -0.382895, 0.000946, -0.009985, 0.382918, 0.923729, -0.016787, 0.0, 0.0, 0.0, 1.0],
                [0.999942, -0.0, 0.010809, -5e-06, 0.004139, 0.923783, -0.382895, 0.000946, -0.009985, 0.382918, 0.923729, -0.016787, 0.0, 0.0, 0.0, 1.0],
                [0.999942, -0.0, 0.010809, -5e-06, 0.004139, 0.923783, -0.382895, 0.000946, -0.009985, 0.382918, 0.923729, -0.016787, 0.0, 0.0, 0.0, 1.0],
                [0.999942, -0.0, 0.010809, -5e-06, 0.004139, 0.923783, -0.382895, 0.000946, -0.009985, 0.382918, 0.923729, -0.016787, 0.0, 0.0, 0.0, 1.0],
                [0.999942, -0.0, 0.010809, -5e-06, 0.004139, 0.923783, -0.382895, 0.000946, -0.009985, 0.382918, 0.923729, -0.016787, 0.0, 0.0, 0.0, 1.0],
                [0.999942, -0.0, 0.010809, -5e-06, 0.004139, 0.923783, -0.382895, 0.000946, -0.009985, 0.382918, 0.923729, -0.016787, 0.0, 0.0, 0.0, 1.0],
                [0.999942, -0.0, 0.010809, -5e-06, 0.004139, 0.923783, -0.382895, 0.000946, -0.009985, 0.382918, 0.923729, -0.016787, 0.0, 0.0, 0.0, 1.0],
                [0.999942, -0.0, 0.010809, -5e-06, 0.004139, 0.923783, -0.382895, 0.000946, -0.009985, 0.382918, 0.923729, -0.016787, 0.0, 0.0, 0.0, 1.0],
                [0.999942, -0.0, 0.010809, -5e-06, 0.004139, 0.923783, -0.382895, 0.000946, -0.009985, 0.382918, 0.923729, -0.016787, 0.0, 0.0, 0.0, 1.0],
                [0.999942, -0.0, 0.010809, -5e-06, 0.004139, 0.923783, -0.382895, 0.000946, -0.009985, 0.382918, 0.923729, -0.016787, 0.0, 0.0, 0.0, 1.0],
                [0.999942, -0.0, 0.010809, -5e-06, 0.004139, 0.923783, -0.382895, 0.000946, -0.009985, 0.382918, 0.923729, -0.016787, 0.0, 0.0, 0.0, 1.0],
                [0.999942, -0.0, 0.010809, -5e-06, 0.004139, 0.923783, -0.382895, 0.000946, -0.009985, 0.382918, 0.923729, -0.016787, 0.0, 0.0, 0.0, 1.0],
                [0.999942, -0.0, 0.010809, -5e-06, 0.004139, 0.923783, -0.382895, 0.000946, -0.009985, 0.382918, 0.923729, -0.016787, 0.0, 0.0, 0.0, 1.0],
                [0.999942, -0.0, 0.010809, -5e-06, 0.004139, 0.923783, -0.382895, 0.000946, -0.009985, 0.382918, 0.923729, -0.016787, 0.0, 0.0, 0.0, 1.0],
                [0.999942, -0.0, 0.010809, -5e-06, 0.004139, 0.923783, -0.382895, 0.000946, -0.009985, 0.382918, 0.923729, -0.016787, 0.0, 0.0, 0.0, 1.0],
                [0.999942, -0.0, 0.010809, -5e-06, 0.004139, 0.923783, -0.382895, 0.000946, -0.009985, 0.382918, 0.923729, -0.016787, 0.0, 0.0, 0.0, 1.0],
                [0.999942, -0.0, 0.010809, -5e-06, 0.004139, 0.923783, -0.382895, 0.000946, -0.009985, 0.382918, 0.923729, -0.016787, 0.0, 0.0, 0.0, 1.0],
                [0.999942, -0.0, 0.010809, -5e-06, 0.004139, 0.923783, -0.382895, 0.000946, -0.009985, 0.382918, 0.923729, -0.016787, 0.0, 0.0, 0.0, 1.0],
                [0.999942, -0.0, 0.010809, -5e-06, 0.004139, 0.923783, -0.382895, 0.000946, -0.009985, 0.382918, 0.923729, -0.016787, 0.0, 0.0, 0.0, 1.0],
                [0.999942, -0.0, 0.010809, -5e-06, 0.004139, 0.923783, -0.382895, 0.000946, -0.009985, 0.382918, 0.923729, -0.016787, 0.0, 0.0, 0.0, 1.0],
                [0.999942, -0.0, 0.010809, -5e-06, 0.004139, 0.923783, -0.382895, 0.000946, -0.009985, 0.382918, 0.923729, -0.016787, 0.0, 0.0, 0.0, 1.0],
                [0.999942, -0.0, 0.010809, -5e-06, 0.004139, 0.923783, -0.382895, 0.000946, -0.009985, 0.382918, 0.923729, -0.016787, 0.0, 0.0, 0.0, 1.0],
                [0.999942, -0.0, 0.010809, -5e-06, 0.004139, 0.923783, -0.382895, 0.000946, -0.009985, 0.382918, 0.923729, -0.016787, 0.0, 0.0, 0.0, 1.0],
                [0.999942, -0.0, 0.010809, -5e-06, 0.004139, 0.923783, -0.382895, 0.000946, -0.009985, 0.382918, 0.923729, -0.016787, 0.0, 0.0, 0.0, 1.0],
                [0.999942, -0.0, 0.010809, -5e-06, 0.004139, 0.923783, -0.382895, 0.000946, -0.009985, 0.382918, 0.923729, -0.016787, 0.0, 0.0, 0.0, 1.0],
                [0.999942, -0.0, 0.010809, -5e-06, 0.004139, 0.923783, -0.382895, 0.000946, -0.009985, 0.382918, 0.923729, -0.016787, 0.0, 0.0, 0.0, 1.0],
                [0.999942, -0.0, 0.010809, -5e-06, 0.004139, 0.923783, -0.382895, 0.000946, -0.009985, 0.382918, 0.923729, -0.016787, 0.0, 0.0, 0.0, 1.0],
                [0.999942, -0.0, 0.010809, -5e-06, 0.004139, 0.923783, -0.382895, 0.000946, -0.009985, 0.382918, 0.923729, -0.016787, 0.0, 0.0, 0.0, 1.0],
                [0.999942, -0.0, 0.010809, -5e-06, 0.004139, 0.923783, -0.382895, 0.000946, -0.009985, 0.382918, 0.923729, -0.016787, 0.0, 0.0, 0.0, 1.0],
                [0.999942, -0.0, 0.010809, -5e-06, 0.004139, 0.923783, -0.382895, 0.000946, -0.009985, 0.382918, 0.923729, -0.016787, 0.0, 0.0, 0.0, 1.0],
                [0.999942, -0.0, 0.010809, -5e-06, 0.004139, 0.923783, -0.382895, 0.000946, -0.009985, 0.382918, 0.923729, -0.016787, 0.0, 0.0, 0.0, 1.0],
                [0.999942, -0.0, 0.010809, -5e-06, 0.004139, 0.923783, -0.382895, 0.000946, -0.009985, 0.382918, 0.923729, -0.016787, 0.0, 0.0, 0.0, 1.0],
                [0.999942, -0.0, 0.010809, -5e-06, 0.004139, 0.923783, -0.382895, 0.000946, -0.009985, 0.382918, 0.923729, -0.016787, 0.0, 0.0, 0.0, 1.0],
                [0.999942, -0.0, 0.010809, -5e-06, 0.004139, 0.923783, -0.382895, 0.000946, -0.009985, 0.382918, 0.923729, -0.016787, 0.0, 0.0, 0.0, 1.0],
                [0.999942, -0.0, 0.010809, -5e-06, 0.004139, 0.923783, -0.382895, 0.000946, -0.009985, 0.382918, 0.923729, -0.016787, 0.0, 0.0, 0.0, 1.0],
                [0.999942, -0.0, 0.010809, -5e-06, 0.004139, 0.923783, -0.382895, 0.000946, -0.009985, 0.382918, 0.923729, -0.016787, 0.0, 0.0, 0.0, 1.0],
                [0.999942, -0.0, 0.010809, -5e-06, 0.004139, 0.923783, -0.382895, 0.000946, -0.009985, 0.382918, 0.923729, -0.016787, 0.0, 0.0, 0.0, 1.0],
                [0.999942, -0.0, 0.010809, -5e-06, 0.004139, 0.923783, -0.382895, 0.000946, -0.009985, 0.382918, 0.923729, -0.016787, 0.0, 0.0, 0.0, 1.0],
                [0.999942, -0.0, 0.010809, -5e-06, 0.004139, 0.923783, -0.382895, 0.000946, -0.009985, 0.382918, 0.923729, -0.016787, 0.0, 0.0, 0.0, 1.0],
                [0.999942, -0.0, 0.010809, -5e-06, 0.004139, 0.923783, -0.382895, 0.000946, -0.009985, 0.382918, 0.923729, -0.016787, 0.0, 0.0, 0.0, 1.0],
                [0.999942, -0.0, 0.010809, -5e-06, 0.004139, 0.923783, -0.382895, 0.000946, -0.009985, 0.382918, 0.923729, -0.016787, 0.0, 0.0, 0.0, 1.0],
                [0.999942, -0.0, 0.010809, -5e-06, 0.004139, 0.923783, -0.382895, 0.000946, -0.009985, 0.382918, 0.923729, -0.016787, 0.0, 0.0, 0.0, 1.0],
                [0.999942, -0.0, 0.010809, -5e-06, 0.004139, 0.923783, -0.382895, 0.000946, -0.009985, 0.382918, 0.923729, -0.016787, 0.0, 0.0, 0.0, 1.0],
                [0.999942, 0.0, 0.010809, -5e-06, 0.004139, 0.923782, -0.382895, 0.000946, -0.009985, 0.382918, 0.923728, -0.016787, 0.0, 0.0, 0.0, 1.0]
            ]
        },
        {
            "name": "Thigh_R",
            "time": [0.0, 0.0333, 0.0667, 0.1, 0.1333, 0.1667, 0.2, 0.2333, 0.2667, 0.3, 0.3333, 0.3667, 0.4, 0.4333, 0.4667, 0.5, 0.5333, 0.5667, 0.6, 0.6333, 0.6667, 0.7, 0.7333, 0.7667, 0.8, 0.8333, 0.8667, 0.9, 0.9333, 0.9667, 1.0, 1.0333, 1.0667, 1.1, 1.1333, 1.1667, 1.2, 1.2333, 1.2667, 1.3, 1.3333, 1.3667, 1.4, 1.4333, 1.4667, 1.5, 1.5333, 1.5667, 1.6, 1.6333, 1.6667, 1.7, 1.7333, 1.7667, 1.8, 1.8333, 1.8667, 1.9, 1.9333, 1.9667, 2.0, 2.0333, 2.0667, 2.0833],
            "transform": [
                [0.997515, 0.067688, 0.019579, 0.124994, 0.069888, -0.914987, -0.397382, -0.002831, -0.008983, 0.397761, -0.917445, -1.2e-05, 0.0, 0.0, 0.0, 1.0],
                [0.99751, 0.067557, 0.020253, 0.124994, 0.069936, -0.910379, -0.407818, -0.002831, -0.009113, 0.408217, -0.912839, -1.2e-05, 0.0, 0.0, 0.0, 1.0],
                [0.997506, 0.067416, 0.020931, 0.124994, 0.069983, -0.905637, -0.418237, -0.002831, -0.00924, 0.418657, -0.908098, -1.2e-05, 0.0, 0.0, 0.0, 1.0],
                [0.997501, 0.067267, 0.021606, 0.124994, 0.070029, -0.900808, -0.42853, -0.002831, -0.009363, 0.42897, -0.90327, -1.2e-05, 0.0, 0.0, 0.0, 1.0],
                [0.997497, 0.067113, 0.022271, 0.124994, 0.070073, -0.895948, -0.438593, -0.002831, -0.009481, 0.439054, -0.89841, -1.2e-05, 0.0, 0.0, 0.0, 1.0],
                [0.997493, 0.066954, 0.022919, 0.124994, 0.070115, -0.891114, -0.448326, -0.002831, -0.009594, 0.448808, -0.893577, -1.2e-05, 0.0, 0.0, 0.0, 1.0],
                [0.997489, 0.066795, 0.023542, 0.124994, 0.070155, -0.886366, -0.457636, -0.002831, -0.0097, 0.458137, -0.888829, -1.2e-05, 0.0, 0.0, 0.0, 1.0],
                [0.997486, 0.066636, 0.024135, 0.124994, 0.070192, -0.881765, -0.466435, -0.002831, -0.0098, 0.466955, -0.884227, -1.2e-05, 0.0, 0.0, 0.0, 1.0],
                [0.997482, 0.066481, 0.024692, 0.124994, 0.070226, -0.877371, -0.474643, -0.002831, -0.009891, 0.47518, -0.879833, -1.2e-05, 0.0, 0.0, 0.0, 1.0],
                [0.997479, 0.066333, 0.025206, 0.124994, 0.070257, -0.873245, -0.482188, -0.002831, -0.009974, 0.482742, -0.875706, -1.2e-05, 0.0, 0.0, 0.0, 1.0],
                [0.997477, 0.066195, 0.025673, 0.124994, 0.070284, -0.869443, -0.489006, -0.002831, -0.010049, 0.489575, -0.871903, -1.2e-05, 0.0, 0.0, 0.0, 1.0],
                [0.997474, 0.066068, 0.026088, 0.124994, 0.070309, -0.866019, -0.495041, -0.002831, -0.010114, 0.495623, -0.868479, -1.2e-05, 0.0, 0.0, 0.0, 1.0],
                [0.997472, 0.065956, 0.026447, 0.124994, 0.07033, -0.863022, -0.500245, -0.002831, -0.01017, 0.500839, -0.865481, -1.2e-05, 0.0, 0.0, 0.0, 1.0],
                [0.99747, 0.065861, 0.026747, 0.124994, 0.070347, -0.860494, -0.504579, -0.002831, -0.010216, 0.505182, -0.862952, -1.2e-05, 0.0, 0.0, 0.0, 1.0],
                [0.997469, 0.065784, 0.026985, 0.124994, 0.07036, -0.858472, -0.508009, -0.002831, -0.010253, 0.50862, -0.86093, -1.2e-05, 0.0, 0.0, 0.0, 1.0],
                [0.997468, 0.065727, 0.027159, 0.124994, 0.07037, -0.856985, -0.510512, -0.002831, -0.010279, 0.511128, -0.859443, -1.2e-05, 0.0, 0.0, 0.0, 1.0],
                [0.997468, 0.065691, 0.027267, 0.124994, 0.070376, -0.856056, -0.512068, -0.002831, -0.010296, 0.512688, -0.858513, -1.2e-05, 0.0, 0.0, 0.0, 1.0],
                [0.997467, 0.065677, 0.027309, 0.124994, 0.070379, -0.855697, -0.512667, -0.002831, -0.010302, 0.513289, -0.858154, -1.2e-05, 0.0, 0.0, 0.0, 1.0],
                [0.997467, 0.065686, 0.027284, 0.124994, 0.070377, -0.855913, -0.512306, -0.002831, -0.010298, 0.512927, -0.85837, -1.2e-05, 0.0, 0.0, 0.0, 1.0],
                [0.997468, 0.065716, 0.027192, 0.124994, 0.070372, -0.856702, -0.510986, -0.002831, -0.010284, 0.511604, -0.85916, -1.2e-05, 0.0, 0.0, 0.0, 1.0],
                [0.997469, 0.065768, 0.027034, 0.124994, 0.070363, -0.858053, -0.508717, -0.002831, -0.01026, 0.509329, -0.86051, -1.2e-05, 0.0, 0.0, 0.0, 1.0],
                [0.99747, 0.06584, 0.026812, 0.124994, 0.070351, -0.859944, -0.505514, -0.002831, -0.010226, 0.506119, -0.862402, -1.2e-05, 0.0, 0.0, 0.0, 1.0],
                [0.997472, 0.065931, 0.026527, 0.124994, 0.070334, -0.86235, -0.501402, -0.002831, -0.010182, 0.501998, -0.864809, -1.2e-05, 0.0, 0.0, 0.0, 1.0],
                [0.997474, 0.066039, 0.026182, 0.124994, 0.070314, -0.865235, -0.49641, -0.002831, -0.010129, 0.496995, -0.867694, -1.2e-05, 0.0, 0.0, 0.0, 1.0],
                [0.997476, 0.066162, 0.025781, 0.124994, 0.070291, -0.868557, -0.490577, -0.002831, -0.010066, 0.491148, -0.871018, -1.2e-05, 0.0, 0.0, 0.0, 1.0],
                [0.997479, 0.066298, 0.025326, 0.124994, 0.070264, -0.87227, -0.483947, -0.002831, -0.009993, 0.484505, -0.874732, -1.2e-05, 0.0, 0.0, 0.0, 1.0],
                [0.997482, 0.066444, 0.024823, 0.124994, 0.070234, -0.876321, -0.476577, -0.002831, -0.009912, 0.477118, -0.878783, -1.2e-05, 0.0, 0.0, 0.0, 1.0],
                [0.997485, 0.066597, 0.024277, 0.124994, 0.0702, -0.880654, -0.468527, -0.002831, -0.009823, 0.469051, -0.883117, -1.2e-05, 0.0, 0.0, 0.0, 1.0],
                [0.997488, 0.066755, 0.023692, 0.124994, 0.070164, -0.88521, -0.459867, -0.002831, -0.009726, 0.460373, -0.887672, -1.2e-05, 0.0, 0.0, 0.0, 1.0],
                [0.997492, 0.066915, 0.023076, 0.124994, 0.070125, -0.889927, -0.450676, -0.002831, -0.009621, 0.451162, -0.89239, -1.2e-05, 0.0, 0.0, 0.0, 1.0],
                [0.997496, 0.067074, 0.022434, 0.124994, 0.070084, -0.894746, -0.441039, -0.002831, -0.00951, 0.441505, -0.897208, -1.2e-05, 0.0, 0.0, 0.0, 1.0],
                [0.9975, 0.067229, 0.021772, 0.124994, 0.07004, -0.899605, -0.431049, -0.002831, -0.009393, 0.431494, -0.902067, -1.2e-05, 0.0, 0.0, 0.0, 1.0],
                [0.997504, 0.06738, 0.021099, 0.124994, 0.069995, -0.904446, -0.420803, -0.002831, -0.00927, 0.421228, -0.906907, -1.2e-05, 0.0, 0.0, 0.0, 1.0],
                [0.997509, 0.067523, 0.020421, 0.124994, 0.069948, -0.909215, -0.410406, -0.002831, -0.009144, 0.41081, -0.911675, -1.2e-05, 0.0, 0.0, 0.0, 1.0],
                [0.997514, 0.067656, 0.019745, 0.124994, 0.0699, -0.91386, -0.399963, -0.002831, -0.009016, 0.400348, -0.916319, -1.2e-05, 0.0, 0.0, 0.0, 1.0],
                [0.997518, 0.06778, 0.019079, 0.124994, 0.069851, -0.918336, -0.389586, -0.002831, -0.008885, 0.38995, -0.920793, -1.2e-05, 0.0, 0.0, 0.0, 1.0],
                [0.997523, 0.067893, 0.018429, 0.124994, 0.069803, -0.922601, -0.379384, -0.002831, -0.008755, 0.379729, -0.925056, -1.2e-05, 0.0, 0.0, 0.0, 1.0],
                [0.997527, 0.067994, 0.017803, 0.124994, 0.069755, -0.926621, -0.369467, -0.002831, -0.008625, 0.369794, -0.929074, -1.2e-05, 0.0, 0.0, 0.0, 1.0],
                [0.997532, 0.068083, 0.017205, 0.124994, 0.069707, -0.930365, -0.359942, -0.002831, -0.008499, 0.360251, -0.932817, -1.2e-05, 0.0, 0.0, 0.0, 1.0],
                [0.997536, 0.068161, 0.016644, 0.124994, 0.069662, -0.933812, -0.350912, -0.002831, -0.008376, 0.351205, -0.936261, -1.2e-05, 0.0, 0.0, 0.0, 1.0],
                [0.99754, 0.068228, 0.016123, 0.124994, 0.069619, -0.936942, -0.342476, -0.002831, -0.00826, 0.342755, -0.939389, -1.2e-05, 0.0, 0.0, 0.0, 1.0],
                [0.997544, 0.068284, 0.015648, 0.124994, 0.069578, -0.939742, -0.334726, -0.002831, -0.008151, 0.334991, -0.942186, -1.2e-05, 0.0, 0.0, 0.0, 1.0],
                [0.997547, 0.06833, 0.015223, 0.124994, 0.069541, -0.942201, -0.327746, -0.002831, -0.008052, 0.327999, -0.944644, -1.2e-05, 0.0, 0.0, 0.0, 1.0],
                [0.99755, 0.068368, 0.014852, 0.124994, 0.069508, -0.944316, -0.321611, -0.002831, -0.007963, 0.321854, -0.946756, -1.2e-05, 0.0, 0.0, 0.0, 1.0],
                [0.997552, 0.068398, 0.014537, 0.124994, 0.06948, -0.946081, -0.316387, -0.002831, -0.007887, 0.316622, -0.948519, -1.2e-05, 0.0, 0.0, 0.0, 1.0],
                [0.997555, 0.068421, 0.014282, 0.124994, 0.069456, -0.947495, -0.312131, -0.002831, -0.007824, 0.312359, -0.949932, -1.2e-05, 0.0, 0.0, 0.0, 1.0],
                [0.997557, 0.068437, 0.014088, 0.124994, 0.069438, -0.948559, -0.308888, -0.002831, -0.007776, 0.30911, -0.950995, -1.2e-05, 0.0, 0.0, 0.0, 1.0],
                [0.997558, 0.068448, 0.013958, 0.124994, 0.069426, -0.949272, -0.306692, -0.002831, -0.007743, 0.30691, -0.951707, -1.2e-05, 0.0, 0.0, 0.0, 1.0],
                [0.997558, 0.068453, 0.013891, 0.124994, 0.06942, -0.949635, -0.305566, -0.002831, -0.007726, 0.305783, -0.95207, -1.2e-05, 0.0, 0.0, 0.0, 1.0],
                [0.997558, 0.068453, 0.013888, 0.124994, 0.06942, -0.949649, -0.305523, -0.002831, -0.007725, 0.30574, -0.952084, -1.2e-05, 0.0, 0.0, 0.0, 1.0],
                [0.997558, 0.068448, 0.01395, 0.124994, 0.069425, -0.949314, -0.306563, -0.002831, -0.007741, 0.306781, -0.951749, -1.2e-05, 0.0, 0.0, 0.0, 1.0],
                [0.997557, 0.068438, 0.014076, 0.124994, 0.069437, -0.948628, -0.308674, -0.002831, -0.007772, 0.308896, -0.951064, -1.2e-05, 0.0, 0.0, 0.0, 1.0],
                [0.997555, 0.068422, 0.014264, 0.124994, 0.069455, -0.947592, -0.311835, -0.002831, -0.00782, 0.312062, -0.95003, -1.2e-05, 0.0, 0.0, 0.0, 1.0],
                [0.997553, 0.0684, 0.014515, 0.124994, 0.069478, -0.946206, -0.316012, -0.002831, -0.007881, 0.316246, -0.948645, -1.2e-05, 0.0, 0.0, 0.0, 1.0],
                [0.99755, 0.068371, 0.014824, 0.124994, 0.069506, -0.944469, -0.321161, -0.002831, -0.007957, 0.321403, -0.946909, -1.2e-05, 0.0, 0.0, 0.0, 1.0],
                [0.997547, 0.068334, 0.015191, 0.124994, 0.069538, -0.942383, -0.327225, -0.002831, -0.008044, 0.327478, -0.944825, -1.2e-05, 0.0, 0.0, 0.0, 1.0],
                [0.997544, 0.068288, 0.015612, 0.124994, 0.069575, -0.93995, -0.334141, -0.002831, -0.008143, 0.334405, -0.942394, -1.2e-05, 0.0, 0.0, 0.0, 1.0],
                [0.99754, 0.068233, 0.016083, 0.124994, 0.069615, -0.937177, -0.341833, -0.002831, -0.008251, 0.34211, -0.939624, -1.2e-05, 0.0, 0.0, 0.0, 1.0],
                [0.997536, 0.068167, 0.016601, 0.124994, 0.069658, -0.934073, -0.350217, -0.002831, -0.008367, 0.350509, -0.936522, -1.2e-05, 0.0, 0.0, 0.0, 1.0],
                [0.997532, 0.06809, 0.017159, 0.124994, 0.069704, -0.930651, -0.359203, -0.002831, -0.008489, 0.359511, -0.933102, -1.2e-05, 0.0, 0.0, 0.0, 1.0],
                [0.997527, 0.068001, 0.017754, 0.124994, 0.069751, -0.926929, -0.368693, -0.002831, -0.008615, 0.369018, -0.929383, -1.2e-05, 0.0, 0.0, 0.0, 1.0],
                [0.997523, 0.067901, 0.018378, 0.124994, 0.069799, -0.92293, -0.378583, -0.002831, -0.008744, 0.378926, -0.925386, -1.2e-05, 0.0, 0.0, 0.0, 1.0],
                [0.997518, 0.067789, 0.019027, 0.124994, 0.069848, -0.918683, -0.388766, -0.002831, -0.008875, 0.389129, -0.921141, -1.2e-05, 0.0, 0.0, 0.0, 1.0],
                [0.997516, 0.067729, 0.019357, 0.124994, 0.069872, -0.916478, -0.393933, -0.002831, -0.00894, 0.394306, -0.918936, -1.2e-05, 0.0, 0.0, 0.0, 1.0]
            ]
        },
        {
            "name": "Leg_R",
            "time": [0.0, 0.0333, 0.0667, 0.1, 0.1333, 0.1667, 0.2, 0.2333, 0.2667, 0.3, 0.3333, 0.3667, 0.4, 0.4333, 0.4667, 0.5, 0.5333, 0.5667, 0.6, 0.6333, 0.6667, 0.7, 0.7333, 0.7667, 0.8, 0.8333, 0.8667, 0.9, 0.9333, 0.9667, 1.0, 1.0333, 1.0667, 1.1, 1.1333, 1.1667, 1.2, 1.2333, 1.2667, 1.3, 1.3333, 1.3667, 1.4, 1.4333, 1.4667, 1.5, 1.5333, 1.5667, 1.6, 1.6333, 1.6667, 1.7, 1.7333, 1.7667, 1.8, 1.8333, 1.8667, 1.9, 1.9333, 1.9667, 2.0, 2.0333, 2.0667, 2.0833],
            "transform": [
                [1.0, 0.0, 1e-06, 0.0, 0.0, 0.999999, 0.004833, 0.374726, -1e-06, -0.004833, 0.999978, -0.0, 0.0, 0.0, 0.0, 1.0],
                [1.0, -0.0, 1e-06, -0.0, 0.0, 0.999998, 0.004833, 0.374726, -1e-06, -0.004833, 0.999978, 0.0, 0.0, 0.0, 0.0, 1.0],
                [1.0, -0.0, 1e-06, -0.0, 0.0, 0.999998, 0.004833, 0.374726, -1e-06, -0.004833, 0.999978, -0.0, 0.0, 0.0, 0.0, 1.0],
                [1.0, -0.0, 1e-06, 0.0, -0.0, 0.999999, 0.004834, 0.374726, -1e-06, -0.004834, 0.999977, -0.0, 0.0, 0.0, 0.0, 1.0],
                [1.0, -0.0, 1e-06, -0.0, -0.0, 0.999998, 0.004834, 0.374726, -1e-06, -0.004835, 0.999978, -0.0, 0.0, 0.0, 0.0, 1.0],
                [1.0, -0.0, 1e-06, -0.0, -0.0, 0.999998, 0.004835, 0.374726, -1e-06, -0.004835, 0.999978, 0.0, 0.0, 0.0, 0.0, 1.0],
                [1.0, -0.0, 1e-06, 0.0, -0.0, 0.999999, 0.004836, 0.374726, -1e-06, -0.004836, 0.999978, 0.0, 0.0, 0.0, 0.0, 1.0],
                [1.0, -0.0, 1e-06, 0.0, 0.0, 0.999999, 0.004837, 0.374726, -1e-06, -0.004837, 0.999978, 0.0, 0.0, 0.0, 0.0, 1.0],
                [1.0, 0.0, 1e-06, -0.0, 0.0, 0.999999, 0.004837, 0.374726, -1e-06, -0.004838, 0.999978, -0.0, 0.0, 0.0, 0.0, 1.0],
                [1.0, 0.0, 1e-06, -0.0, -0.0, 0.999998, 0.004838, 0.374726, -1e-06, -0.004839, 0.999978, 0.0, 0.0, 0.0, 0.0, 1.0],
                [0.999999, -0.0, 1e-06, -0.0, 0.0, 0.999998, 0.004839, 0.374726, -1e-06, -0.004839, 0.999978, -0.0, 0.0, 0.0, 0.0, 1.0],
                [1.0, -0.0, 1e-06, 0.0, -0.0, 0.999999, 0.00484, 0.374726, -1e-06, -0.00484, 0.999978, 0.0, 0.0, 0.0, 0.0, 1.0],
                [1.0, -0.0, 1e-06, 0.0, 0.0, 0.999998, 0.004841, 0.374726, -1e-06, -0.004841, 0.999978, 0.0, 0.0, 0.0, 0.0, 1.0],
                [1.0, 0.0, 1e-06, 0.0, -0.0, 0.999998, 0.004841, 0.374726, -1e-06, -0.004842, 0.999978, 0.0, 0.0, 0.0, 0.0, 1.0],
                [1.0, 0.0, 1e-06, 0.0, 0.0, 0.999999, 0.004842, 0.374726, -1e-06, -0.004842, 0.999978, 0.0, 0.0, 0.0, 0.0, 1.0],
                [1.0, -0.0, 1e-06, -0.0, 0.0, 0.999999, 0.004842, 0.374726, -1e-06, -0.004842, 0.999977, -0.0, 0.0, 0.0, 0.0, 1.0],
                [1.0, -0.0, 1e-06, -0.0, 0.0, 0.999998, 0.004842, 0.374726, -1e-06, -0.004843, 0.999978, -0.0, 0.0, 0.0, 0.0, 1.0],
                [1.0, 0.0, 1e-06, -0.0, 0.0, 0.999998, 0.004843, 0.374726, -1e-06, -0.004843, 0.999977, 0.0, 0.0, 0.0, 0.0, 1.0],
                [1.0, 0.0, 1e-06, -0.0, 0.0, 0.999999, 0.004842, 0.374726, -1e-06, -0.004843, 0.999977, 0.0, 0.0, 0.0, 0.0, 1.0],
                [1.0, -0.0, 1e-06, -0.0, 0.0, 0.999999, 0.004842, 0.374726, -1e-06, -0.004843, 0.999977, 0.0, 0.0, 0.0, 0.0, 1.0],
                [1.0, -0.0, 1e-06, 0.0, -0.0, 0.999998, 0.004842, 0.374726, -1e-06, -0.004842, 0.999978, 0.0, 0.0, 0.0, 0.0, 1.0],
                [1.0, -0.0, 1e-06, 0.0, -0.0, 0.999999, 0.004841, 0.374726, -1e-06, -0.004842, 0.999978, -0.0, 0.0, 0.0, 0.0, 1.0],
                [1.0, -0.0, 1e-06, -0.0, 0.0, 0.999999, 0.004841, 0.374726, -1e-06, -0.004841, 0.999978, 0.0, 0.0, 0.0, 0.0, 1.0],
                [1.0, -0.0, 1e-06, 0.0, -0.0, 0.999999, 0.00484, 0.374726, -1e-06, -0.00484, 0.999978, 0.0, 0.0, 0.0, 0.0, 1.0],
                [1.0, 0.0, 1e-06, 0.0, 0.0, 0.999999, 0.004839, 0.374726, -1e-06, -0.00484, 0.999978, -0.0, 0.0, 0.0, 0.0, 1.0],
                [1.0, -0.0, 1e-06, -0.0, 0.0, 0.999999, 0.004839, 0.374726, -1e-06, -0.004839, 0.999978, -0.0, 0.0, 0.0, 0.0, 1.0],
                [1.0, -0.0, 1e-06, 0.0, 0.0, 0.999998, 0.004838, 0.374726, -1e-06, -0.004838, 0.999978, 0.0, 0.0, 0.0, 0.0, 1.0],
                [1.0, -0.0, 1e-06, -0.0, 0.0, 0.999998, 0.004837, 0.374726, -1e-06, -0.004837, 0.999978, 0.0, 0.0, 0.0, 0.0, 1.0],
                [1.0, -0.0, 1e-06, -0.0, -0.0, 0.999998, 0.004836, 0.374726, -1e-06, -0.004836, 0.999978, -0.0, 0.0, 0.0, 0.0, 1.0],
                [1.0, 0.0, 1e-06, -0.0, 0.0, 0.999998, 0.004835, 0.374726, -1e-06, -0.004835, 0.999978, -0.0, 0.0, 0.0, 0.0, 1.0],
                [1.0, -0.0, 1e-06, 0.0, 0.0, 0.999999, 0.004834, 0.374726, -1e-06, -0.004835, 0.999978, 0.0, 0.0, 0.0, 0.0, 1.0],
                [1.0, 0.0, 1e-06, -0.0, 0.0, 0.999998, 0.004834, 0.374726, -1e-06, -0.004834, 0.999978, -0.0, 0.0, 0.0, 0.0, 1.0],
                [1.0, 0.0, 1e-06, -0.0, 0.0, 0.999999, 0.004833, 0.374726, -1e-06, -0.004834, 0.999977, 0.0, 0.0, 0.0, 0.0, 1.0],
                [1.0, 0.0, 1e-06, -0.0, 0.0, 0.999999, 0.004833, 0.374726, -1e-06, -0.004833, 0.999978, 0.0, 0.0, 0.0, 0.0, 1.0],
                [1.0, 0.0, 1e-06, -0.0, -0.0, 0.999999, 0.004833, 0.374726, -1e-06, -0.004833, 0.999978, 0.0, 0.0, 0.0, 0.0, 1.0],
                [1.0, -0.0, 1e-06, 0.0, -0.0, 0.999998, 0.004832, 0.374726, -1e-06, -0.004833, 0.999978, -0.0, 0.0, 0.0, 0.0, 1.0],
                [1.0, 0.0, 1e-06, 0.0, 0.0, 0.999999, 0.004832, 0.374726, -1e-06, -0.004833, 0.999978, 0.0, 0.0, 0.0, 0.0, 1.0],
                [1.0, 0.0, 1e-06, 0.0, 0.0, 0.999998, 0.004832, 0.374726, -1e-06, -0.004833, 0.999978, 0.0, 0.0, 0.0, 0.0, 1.0],
                [1.0, -0.0, 1e-06, -0.0, 0.0, 0.999999, 0.004833, 0.374726, -1e-06, -0.004833, 0.999978, 0.0, 0.0, 0.0, 0.0, 1.0],
                [1.0, 0.0, 1e-06, 0.0, 0.0, 0.999998, 0.004833, 0.374726, -1e-06, -0.004833, 0.999978, 0.0, 0.0, 0.0, 0.0, 1.0],
                [1.0, -0.0, 1e-06, -0.0, 0.0, 0.999999, 0.004833, 0.374726, -1e-06, -0.004833, 0.999978, -0.0, 0.0, 0.0, 0.0, 1.0],
                [1.0, -0.0, 1e-06, 0.0, -0.0, 0.999998, 0.004833, 0.374726, -1e-06, -0.004834, 0.999978, 0.0, 0.0, 0.0, 0.0, 1.0],
                [1.0, 0.0, 1e-06, 0.0, 0.0, 0.999998, 0.004834, 0.374726, -1e-06, -0.004834, 0.999978, 0.0, 0.0, 0.0, 0.0, 1.0],
                [1.0, 0.0, 1e-06, -0.0, -0.0, 0.999998, 0.004834, 0.374726, -1e-06, -0.004834, 0.999978, 0.0, 0.0, 0.0, 0.0, 1.0],
                [1.0, 0.0, 1e-06, -0.0, 0.0, 0.999998, 0.004835, 0.374726, -1e-06, -0.004835, 0.999978, -0.0, 0.0, 0.0, 0.0, 1.0],
                [1.0, -0.0, 1e-06, 0.0, -0.0, 0.999999, 0.004835, 0.374726, -1e-06, -0.004835, 0.999978, 0.0, 0.0, 0.0, 0.0, 1.0],
                [1.0, -0.0, 1e-06, -0.0, -0.0, 0.999999, 0.004835, 0.374726, -1e-06, -0.004835, 0.999978, 0.0, 0.0, 0.0, 0.0, 1.0],
                [1.0, -0.0, 1e-06, 0.0, 0.0, 0.999999, 0.004835, 0.374726, -1e-06, -0.004835, 0.999978, 0.0, 0.0, 0.0, 0.0, 1.0],
                [1.0, -0.0, 1e-06, -0.0, 0.0, 0.999998, 0.004835, 0.374726, -1e-06, -0.004836, 0.999978, 0.0, 0.0, 0.0, 0.0, 1.0],
                [1.0, 0.0, 1e-06, 0.0, -0.0, 0.999998, 0.004835, 0.374726, -1e-06, -0.004836, 0.999978, -0.0, 0.0, 0.0, 0.0, 1.0],
                [1.0, 0.0, 1e-06, 0.0, 0.0, 0.999998, 0.004835, 0.374726, -1e-06, -0.004835, 0.999978, -0.0, 0.0, 0.0, 0.0, 1.0],
                [1.0, -0.0, 1e-06, -0.0, 0.0, 0.999998, 0.004835, 0.374726, -1e-06, -0.004835, 0.999979, 0.0, 0.0, 0.0, 0.0, 1.0],
                [1.0, -0.0, 1e-06, 0.0, -0.0, 0.999999, 0.004835, 0.374726, -1e-06, -0.004835, 0.999978, -0.0, 0.0, 0.0, 0.0, 1.0],
                [0.999999, 0.0, 1e-06, -0.0, -0.0, 0.999998, 0.004835, 0.374726, -1e-06, -0.004835, 0.999978, 0.0, 0.0, 0.0, 0.0, 1.0],
                [1.0, 0.0, 1e-06, 0.0, 0.0, 0.999998, 0.004834, 0.374726, -1e-06, -0.004834, 0.999978, -0.0, 0.0, 0.0, 0.0, 1.0],
                [1.0, 0.0, 1e-06, -0.0, 0.0, 0.999998, 0.004834, 0.374726, -1e-06, -0.004834, 0.999978, 0.0, 0.0, 0.0, 0.0, 1.0],
                [1.0, -0.0, 1e-06, -0.0, 0.0, 0.999998, 0.004833, 0.374726, -1e-06, -0.004834, 0.999978, -0.0, 0.0, 0.0, 0.0, 1.0],
                [1.0, -0.0, 1e-06, 0.0, 0.0, 0.999998, 0.004833, 0.374726, -1e-06, -0.004833, 0.999978, -0.0, 0.0, 0.0, 0.0, 1.0],
                [1.0, 0.0, 1e-06, -0.0, 0.0, 0.999998, 0.004833, 0.374726, -1e-06, -0.004833, 0.999978, -0.0, 0.0, 0.0, 0.0, 1.0],
                [1.0, 0.0, 1e-06, 0.0, 0.0, 0.999998, 0.004833, 0.374726, -1e-06, -0.004833, 0.999978, -0.0, 0.0, 0.0, 0.0, 1.0],
                [1.0, 0.0, 1e-06, -0.0, 0.0, 0.999999, 0.004832, 0.374726, -1e-06, -0.004833, 0.999977, -0.0, 0.0, 0.0, 0.0, 1.0],
                [1.0, 0.0, 1e-06, -0.0, 0.0, 0.999999, 0.004832, 0.374726, -1e-06, -0.004833, 0.999978, -0.0, 0.0, 0.0, 0.0, 1.0],
                [1.0, 0.0, 1e-06, 0.0, 0.0, 0.999998, 0.004832, 0.374726, -1e-06, -0.004833, 0.999978, -0.0, 0.0, 0.0, 0.0, 1.0],
                [1.0, 0.0, 1e-06, 0.0, -0.0, 0.999996, 0.004832, 0.374726, -1e-06, -0.004833, 0.999981, 0.0, 0.0, 0.0, 0.0, 1.0]
            ]
        },
        {
            "name": "Knee_R",
            "time": [0.0, 2.0833],
            "transform": [
                [1.0, 0.0, -0.0, 0.0, -0.0, 0.00567, -0.999984, 0.374726, -0.0, 0.999984, 0.00567, -0.0, 0.0, 0.0, 0.0, 1.0],
                [1.0, 0.0, -0.0, 0.0, -0.0, 0.00567, -0.999984, 0.374726, -0.0, 0.999984, 0.00567, 0.0, 0.0, 0.0, 0.0, 1.0]
            ]
        },
        {
            "name": "Thigh_L",
            "time": [0.0, 0.0333, 0.0667, 0.1, 0.1333, 0.1667, 0.2, 0.2333, 0.2667, 0.3, 0.3333, 0.3667, 0.4, 0.4333, 0.4667, 0.5, 0.5333, 0.5667, 0.6, 0.6333, 0.6667, 0.7, 0.7333, 0.7667, 0.8, 0.8333, 0.8667, 0.9, 0.9333, 0.9667, 1.0, 1.0333, 1.0667, 1.1, 1.1333, 1.1667, 1.2, 1.2333, 1.2667, 1.3, 1.3333, 1.3667, 1.4, 1.4333, 1.4667, 1.5, 1.5333, 1.5667, 1.6, 1.6333, 1.6667, 1.7, 1.7333, 1.7667, 1.8, 1.8333, 1.8667, 1.9, 1.9333, 1.9667, 2.0, 2.0333, 2.0667, 2.0833],
            "transform": [
                [0.996408, -0.077315, -0.03454, -0.125006, -0.08468, -0.909902, -0.406086, -0.002831, -3.2e-05, 0.407552, -0.913181, -1.2e-05, 0.0, 0.0, 0.0, 1.0],
                [0.996417, -0.077226, -0.034497, -0.125006, -0.084575, -0.91441, -0.395854, -0.002831, -0.000975, 0.397353, -0.917665, -1.2e-05, 0.0, 0.0, 0.0, 1.0],
                [0.996424, -0.077128, -0.034493, -0.125006, -0.084467, -0.918762, -0.385668, -0.002831, -0.001946, 0.387202, -0.921992, -1.2e-05, 0.0, 0.0, 0.0, 1.0],
                [0.996431, -0.077023, -0.034529, -0.125006, -0.084358, -0.922919, -0.375636, -0.002831, -0.002935, 0.377207, -0.926123, -1.2e-05, 0.0, 0.0, 0.0, 1.0],
