{
    "armature": {
        "joints": ["Root", "Thigh_R", "Leg_R", "Knee_R", "Thigh_L", "Leg_L", "Knee_L", "Torso", "Chest", "Head", "Shoulder_R", "Arm_R", "Hand_R", "Tool_R", "Elbow_R", "Shoulder_L", "Arm_L", "Hand_L", "Tool_L", "Elbow_L"],
        "hierarchy": [
            {
                "name": "Root",
                "transform": [1.0, 0.0, 0.0, -5e-06, 0.0, 0.0, -1.0, 0.000946, 0.0, 1.0, 0.0, 0.763972, 0.0, 0.0, 0.0, 1.0],
                "children": [
                    {
                        "name": "Thigh_R",
                        "transform": [1.0, -0.0, -0.0, 0.124994, -0.0, -0.999984, 0.00567, -0.002831, -0.0, -0.00567, -0.999984, -1.2e-05, 0.0, 0.0, 0.0, 1.0],
                        "children": [
                            {
                                "name": "Leg_R",
                                "transform": [1.0, 0.0, 1e-06, -0.0, -0.0, 0.999936, 0.011335, 0.374726, -1e-06, -0.011335, 0.999936, 0.0, 0.0, 0.0, 0.0, 1.0],
                                "children": []
                            },
                            {
                                "name": "Knee_R",
                                "transform": [1.0, 0.0, -0.0, -0.0, -0.0, 0.00567, -0.999984, 0.374726, -0.0, 0.999984, 0.00567, 0.0, 0.0, 0.0, 0.0, 1.0],
                                "children": []
                            }
                        ]
                    },
                    {
                        "name": "Thigh_L",
                        "transform": [1.0, -0.0, -0.0, -0.125006, -0.0, -0.999984, 0.00567, -0.002831, -0.0, -0.00567, -0.999984, -1.2e-05, 0.0, 0.0, 0.0, 1.0],
                        "children": [
                            {
                                "name": "Leg_L",
                                "transform": [1.0, 0.0, 1e-06, -0.0, -0.0, 0.999936, 0.011335, 0.374726, -1e-06, -0.011335, 0.999936, -0.0, 0.0, 0.0, 0.0, 1.0],
                                "children": []
                            },
                            {
                                "name": "Knee_L",
                                "transform": [1.0, 0.0, -0.0, -0.0, -0.0, 0.00567, -0.999984, 0.374726, -0.0, 0.999984, 0.00567, -0.0, 0.0, 0.0, 0.0, 1.0],
                                "children": []
                            }
                        ]
                    },
                    {
                        "name": "Torso",
                        "transform": [1.0, 0.0, 0.0, 0.0, 0.0, 1.0, 0.0, 0.05, 0.0, 0.0, 1.0, 0.0, 0.0, 0.0, 0.0, 1.0],
                        "children": [
                            {
                                "name": "Chest",
                                "transform": [1.0, 0.0, 0.0, 0.0, 0.0, 1.0, 0.0, 0.3, 0.0, 0.0, 1.0, 0.0, 0.0, 0.0, 0.0, 1.0],
                                "children": [
                                    {
                                        "name": "Head",
                                        "transform": [1.0, 0.0, 0.0, 0.0, 0.0, 1.0, 0.0, 0.4, 0.0, 0.0, 1.0, 0.0, 0.0, 0.0, 0.0, 1.0],
                                        "children": []
                                    },
                                    {
                                        "name": "Shoulder_R",
                                        "transform": [0.0, 0.952114, 0.305743, 0.0, 0.0, -0.305743, 0.952114, 0.4, 1.0, 0.0, -0.0, 0.0, 0.0, 0.0, 0.0, 1.0],
                                        "children": [
                                            {
                                                "name": "Arm_R",
                                                "transform": [0.0, 0.003946, -0.999992, -0.0, 0.952114, 0.305741, 0.001207, 0.39386, 0.305743, -0.952107, -0.003757, 0.0, 0.0, 0.0, 0.0, 1.0],
                                                "children": [
                                                    {
                                                        "name": "Hand_R",
                                                        "transform": [1.0, -0.0, 0.0, 0.0, 0.0, 0.999963, -0.008633, 0.300003, -0.0, 0.008633, 0.999963, 0.0, 0.0, 0.0, 0.0, 1.0],
                                                        "children": [
                                                            {
                                                                "name": "Tool_R",
                                                                "transform": [1.0, -0.0, 0.0, 0.0, 0.0, -0.999559, -0.029689, 0.271711, 0.0, 0.029689, -0.999559, -0.028915, 0.0, 0.0, 0.0, 1.0],
                                                                "children": []
                                                            }
                                                        ]
                                                    },
                                                    {
                                                        "name": "Elbow_R",
                                                        "transform": [-1.0, 0.0, -0.0, 0.0, 0.0, 0.003946, -0.999992, 0.300008, -0.0, -0.999992, -0.003946, -0.001252, 0.0, 0.0, 0.0, 1.0],
                                                        "children": []
                                                    }
                                                ]
                                            }
                                        ]
                                    },
                                    {
                                        "name": "Shoulder_L",
                                        "transform": [-0.0, -0.952114, -0.305743, 0.0, 0.0, -0.305743, 0.952114, 0.4, -1.0, 0.0, 0.0, 0.0, 0.0, 0.0, 0.0, 1.0],
                                        "children": [
                                            {
                                                "name": "Arm_L",
                                                "transform": [-0.0, -0.003946, 0.999992, -0.0, -0.952114, 0.305741, 0.001206, 0.39386, -0.305743, -0.952106, -0.003757, 0.0, 0.0, 0.0, 0.0, 1.0],
                                                "children": [
                                                    {
                                                        "name": "Hand_L",
                                                        "transform": [1.0, -0.0, 0.0, -0.0, 0.0, 0.999963, -0.008633, 0.300003, -0.0, 0.008633, 0.999963, -0.0, 0.0, 0.0, 0.0, 1.0],
                                                        "children": [
                                                            {
                                                                "name": "Tool_L",
                                                                "transform": [1.0, -0.0, 0.0, -0.0, 0.0, -0.999559, -0.029689, 0.271711, 0.0, 0.029689, -0.999559, -0.028915, 0.0, 0.0, 0.0, 1.0],
                                                                "children": []
                                                            }
                                                        ]
                                                    },
                                                    {
                                                        "name": "Elbow_L",
                                                        "transform": [-1.0, 0.0, -0.0, -0.0, 0.0, 0.003946, -0.999992, 0.300008, -0.0, -0.999992, -0.003946, -0.001252, 0.0, 0.0, 0.0, 1.0],
                                                        "children": []
                                                    }
                                                ]
                                            }
                                        ]
                                    }
                                ]
                            }
                        ]
                    }
                ]
            },
            {},
            {},
            {},
            {},
            {},
            {},
            {},
            {}
        ]
    },
    "animation": [
        {
            "name": "Root",
            "time": [0.0, 0.0333, 0.0667, 0.1, 0.1333, 0.1667, 0.2, 0.2333, 0.2667, 0.3, 0.3333, 0.3667, 0.4, 0.4333, 0.4667, 0.5, 0.5333, 0.5667, 0.6, 0.6333, 0.6667, 0.7, 0.7333, 0.7667, 0.8, 0.8333, 0.8667, 0.9, 0.9333, 0.9667, 1.0, 1.0333, 1.0667, 1.1, 1.1333, 1.1667, 1.2, 1.2333, 1.2667, 1.3, 1.3333, 1.3667, 1.4, 1.4333, 1.4667, 1.5, 1.5333, 1.5667, 1.6, 1.6333, 1.6667, 1.7, 1.7333, 1.7667, 1.8, 1.8333, 1.8667, 1.9, 1.9333, 1.9667, 2.0, 2.0333, 2.0667, 2.0833],
            "transform": [
                [0.999942, -0.0, 0.010809, -5e-06, 0.004139, 0.923783, -0.382895, 0.000946, -0.009985, 0.382918, 0.923729, 0.760649, 0.0, 0.0, 0.0, 1.0],
                [0.999942, -0.0, 0.010809, -5e-06, 0.004139, 0.923783, -0.382895, 0.000946, -0.009985, 0.382918, 0.923729, 0.760649, 0.0, 0.0, 0.0, 1.0],
                [0.999942, -0.0, 0.010809, -5e-06, 0.004139, 0.923783, -0.382895, 0.000946, -0.009985, 0.382918, 0.923729, 0.760649, 0.0, 0.0, 0.0, 1.0],
                [0.999942, -0.0, 0.010809, -5e-06, 0.004139, 0.923783, -0.382895, 0.000946, -0.009985, 0.382918, 0.923729, 0.760649, 0.0, 0.0, 0.0, 1.0],
                [0.999942, -0.0, 0.010809, -5e-06, 0.004139, 0.923783, -0.382895, 0.000946, -0.009985, 0.382918, 0.923729, 0.760649, 0.0, 0.0, 0.0, 1.0],
                [0.999942, -0.0, 0.010809, -5e-06, 0.004139, 0.923783, -0.382895, 0.000946, -0.009985, 0.382918, 0.923729, 0.760649, 0.0, 0.0, 0.0, 1.0],
                [0.999942, -0.0, 0.010809, -5e-06, 0.004139, 0.923783, -0.382895, 0.000946, -0.009985, 0.382918, 0.923729, 0.760649, 0.0, 0.0, 0.0, 1.0],
                [0.999942, -0.0, 0.010809, -5e-06, 0.004139, 0.923783, -0.382895, 0.000946, -0.009985, 0.382918, 0.923729, 0.760649, 0.0, 0.0, 0.0, 1.0],
                [0.999942, -0.0, 0.010809, -5e-06, 0.004139, 0.923783, -0.382895, 0.000946, -0.009985, 0.382918, 0.923729, 0.760649, 0.0, 0.0, 0.0, 1.0],
                [0.999942, -0.0, 0.010809, -5e-06, 0.004139, 0.923783, -0.382895, 0.000946, -0.009985, 0.382918, 0.923729, 0.760649, 0.0, 0.0, 0.0, 1.0],
                [0.999942, -0.0, 0.010809, -5e-06, 0.004139, 0.923783, -0.382895, 0.000946, -0.009985, 0.382918, 0.923729, 0.760649, 0.0, 0.0, 0.0, 1.0],
                [0.999942, -0.0, 0.010809, -5e-06, 0.004139, 0.923783, -0.382895, 0.000946, -0.009985, 0.382918, 0.923729, 0.760649, 0.0, 0.0, 0.0, 1.0],
                [0.999942, -0.0, 0.010809, -5e-06, 0.004139, 0.923783, -0.382895, 0.000946, -0.009985, 0.382918, 0.923729, 0.760649, 0.0, 0.0, 0.0, 1.0],
                [0.999942, -0.0, 0.010809, -5e-06, 0.004139, 0.923783, -0.382895, 0.000946, -0.009985, 0.382918, 0.923729, 0.760649, 0.0, 0.0, 0.0, 1.0],
                [0.999942, -0.0, 0.010809, -5e-06, 0.004139, 0.923783, -0.382895, 0.000946, -0.009985, 0.382918, 0.923729, 0.760649, 0.0, 0.0, 0.0, 1.0],
                [0.999942, -0.0, 0.010809, -5e-06, 0.004139, 0.923783, -0.382895, 0.000946, -0.009985, 0.382918, 0.923729, 0.760649, 0.0, 0.0, 0.0, 1.0],
                [0.999942, -0.0, 0.010809, -5e-06, 0.004139, 0.923783, -0.382895, 0.000946, -0.009985, 0.382918, 0.923729, 0.760649, 0.0, 0.0, 0.0, 1.0],
                [0.999942, -0.0, 0.010809, -5e-06, 0.004139, 0.923783, -0.382895, 0.000946, -0.009985, 0.382918, 0.923729, 0.760649, 0.0, 0.0, 0.0, 1.0],
                [0.999942, -0.0, 0.010809, -5e-06, 0.004139, 0.923783, -0.382895, 0.000946, -0.009985, 0.382918, 0.923729, 0.760649, 0.0, 0.0, 0.0, 1.0],
                [0.999942, -0.0, 0.010809, -5e-06, 0.004139, 0.923783, -0.382895, 0.000946, -0.009985, 0.382918, 0.923729, 0.760649, 0.0, 0.0, 0.0, 1.0],
                [0.999942, -0.0, 0.010809, -5e-06, 0.004139, 0.923783, -0.382895, 0.000946, -0.009985, 0.382918, 0.923729, 0.760649, 0.0, 0.0, 0.0, 1.0],
                [0.999942, -0.0, 0.010809, -5e-06, 0.004139, 0.923783, -0.382895, 0.000946, -0.009985, 0.382918, 0.923729, 0.760649, 0.0, 0.0, 0.0, 1.0],
                [0.999942, -0.0, 0.010809, -5e-06, 0.004139, 0.923783, -0.382895, 0.000946, -0.009985, 0.382918, 0.923729, 0.760649, 0.0, 0.0, 0.0, 1.0],
                [0.999942, -0.0, 0.010809, -5e-06, 0.004139, 0.923783, -0.382895, 0.000946, -0.009985, 0.382918, 0.923729, 0.760649, 0.0, 0.0, 0.0, 1.0],
                [0.999942, -0.0, 0.010809, -5e-06, 0.004139, 0.923783, -0.382895, 0.000946, -0.009985, 0.382918, 0.923729, 0.760649, 0.0, 0.0, 0.0, 1.0],
                [0.999942, -0.0, 0.010809, -5e-06, 0.004139, 0.923783, -0.382895, 0.000946, -0.009985, 0.382918, 0.923729, 0.760649, 0.0, 0.0, 0.0, 1.0],
                [0.999942, -0.0, 0.010809, -5e-06, 0.004139, 0.923783, -0.382895, 0.000946, -0.009985, 0.382918, 0.923729, 0.760649, 0.0, 0.0, 0.0, 1.0],
                [0.999942, -0.0, 0.010809, -5e-06, 0.004139, 0.923783, -0.382895, 0.000946, -0.009985, 0.382918, 0.923729, 0.760649, 0.0, 0.0, 0.0, 1.0],
                [0.999942, -0.0, 0.010809, -5e-06, 0.004139, 0.923783, -0.382895, 0.000946, -0.009985, 0.382918, 0.923729, 0.760649, 0.0, 0.0, 0.0, 1.0],
                [0.999942, -0.0, 0.010809, -5e-06, 0.004139, 0.923783, -0.382895, 0.000946, -0.009985, 0.382918, 0.923729, 0.760649, 0.0, 0.0, 0.0, 1.0],
                [0.999942, -0.0, 0.010809, -5e-06, 0.004139, 0.923783, -0.382895, 0.000946, -0.009985, 0.382918, 0.923729, 0.760649, 0.0, 0.0, 0.0, 1.0],
                [0.999942, -0.0, 0.010809, -5e-06, 0.004139, 0.923783, -0.382895, 0.000946, -0.009985, 0.382918, 0.923729, 0.760649, 0.0, 0.0, 0.0, 1.0],
                [0.999942, -0.0, 0.010809, -5e-06, 0.004139, 0.923783, -0.382895, 0.000946, -0.009985, 0.382918, 0.923729, 0.760649, 0.0, 0.0, 0.0, 1.0],
                [0.999942, -0.0, 0.010809, -5e-06, 0.004139, 0.923783, -0.382895, 0.000946, -0.009985, 0.382918, 0.923729, 0.760649, 0.0, 0.0, 0.0, 1.0],
                [0.999942, -0.0, 0.010809, -5e-06, 0.004139, 0.923783, -0.382895, 0.000946, -0.009985, 0.382918, 0.923729, 0.760649, 0.0, 0.0, 0.0, 1.0],
                [0.999942, -0.0, 0.010809, -5e-06, 0.004139, 0.923783, -0.382895, 0.000946, -0.009985, 0.382918, 0.923729, 0.760649, 0.0, 0.0, 0.0, 1.0],
                [0.999942, -0.0, 0.010809, -5e-06, 0.004139, 0.923783, -0.382895, 0.000946, -0.009985, 0.382918, 0.923729, 0.760649, 0.0, 0.0, 0.0, 1.0],
                [0.999942, -0.0, 0.010809, -5e-06, 0.004139, 0.923783, -0.382895, 0.000946, -0.009985, 0.382918, 0.923729, 0.760649, 0.0, 0.0, 0.0, 1.0],
                [0.999942, -0.0, 0.010809, -5e-06, 0.004139, 0.923783, -0.382895, 0.000946, -0.009985, 0.382918, 0.923729, 0.760649, 0.0, 0.0, 0.0, 1.0],
                [0.999942, -0.0, 0.010809, -5e-06, 0.004139, 0.923783, -0.382895, 0.000946, -0.009985, 0.382918, 0.923729, 0.760649, 0.0, 0.0, 0.0, 1.0],
                [0.999942, -0.0, 0.010809, -5e-06, 0.004139, 0.923783, -0.382895, 0.000946, -0.009985, 0.382918, 0.923729, 0.760649, 0.0, 0.0, 0.0, 1.0],
                [0.999942, -0.0, 0.010809, -5e-06, 0.004139, 0.923783, -0.382895, 0.000946, -0.009985, 0.382918, 0.923729, 0.760649, 0.0, 0.0, 0.0, 1.0],
                [0.999942, -0.0, 0.010809, -5e-06, 0.004139, 0.923783, -0.382895, 0.000946, -0.009985, 0.382918, 0.923729, 0.760649, 0.0, 0.0, 0.0, 1.0],
                [0.999942, -0.0, 0.010809, -5e-06, 0.004139, 0.923783, -0.382895, 0.000946, -0.009985, 0.382918, 0.923729, 0.760649, 0.0, 0.0, 0.0, 1.0],
                [0.999942, -0.0, 0.010809, -5e-06, 0.004139, 0.923783, -0.382895, 0.000946, -0.009985, 0.382918, 0.923729, 0.760649, 0.0, 0.0, 0.0, 1.0],
                [0.999942, -0.0, 0.010809, -5e-06, 0.004139, 0.923783, -0.382895, 0.000946, -0.009985, 0.382918, 0.923729, 0.760649, 0.0, 0.0, 0.0, 1.0],
                [0.999942, -0.0, 0.010809, -5e-06, 0.004139, 0.923783, -0.382895, 0.000946, -0.009985, 0.382918, 0.923729, 0.760649, 0.0, 0.0, 0.0, 1.0],
                [0.999942, -0.0, 0.010809, -5e-06, 0.004139, 0.923783, -0.382895, 0.000946, -0.009985, 0.382918, 0.923729, 0.760649, 0.0, 0.0, 0.0, 1.0],
                [0.999942, -0.0, 0.010809, -5e-06, 0.004139, 0.923783, -0.382895, 0.000946, -0.009985, 0.382918, 0.923729, 0.760649, 0.0, 0.0, 0.0, 1.0],
                [0.999942, -0.0, 0.010809, -5e-06, 0.004139, 0.923783, -0.382895, 0.000946, -0.009985, 0.382918, 0.923729, 0.760649, 0.0, 0.0, 0.0, 1.0],
                [0.999942, -0.0, 0.010809, -5e-06, 0.004139, 0.923783, -0.382895, 0.000946, -0.009985, 0.382918, 0.923729, 0.760649, 0.0, 0.0, 0.0, 1.0],
                [0.999942, -0.0, 0.010809, -5e-06, 0.004139, 0.923783, -0.382895, 0.000946, -0.009985, 0.382918, 0.923729, 0.760649, 0.0, 0.0, 0.0, 1.0],
                [0.999942, -0.0, 0.010809, -5e-06, 0.004139, 0.923783, -0.382895, 0.000946, -0.009985, 0.382918, 0.923729, 0.760649, 0.0, 0.0, 0.0, 1.0],
                [0.999942, -0.0, 0.010809, -5e-06, 0.004139, 0.923783, -0.382895, 0.000946, -0.009985, 0.382918, 0.923729, 0.760649, 0.0, 0.0, 0.0, 1.0],
                [0.999942, -0.0, 0.010809, -5e-06, 0.004139, 0.923783, -0.382895, 0.000946, -0.009985, 0.382918, 0.923729, 0.760649, 0.0, 0.0, 0.0, 1.0],
                [0.999942, -0.0, 0.010809, -5e-06, 0.004139, 0.923783, -0.382895, 0.000946, -0.009985, 0.382918, 0.923729, 0.760649, 0.0, 0.0, 0.0, 1.0],
                [0.999942, -0.0, 0.010809, -5e-06, 0.004139, 0.923783, -0.382895, 0.000946, -0.009985, 0.382918, 0.923729, 0.760649, 0.0, 0.0, 0.0, 1.0],
                [0.999942, -0.0, 0.010809, -5e-06, 0.004139, 0.923783, -0.382895, 0.000946, -0.009985, 0.382918, 0.923729, 0.760649, 0.0, 0.0, 0.0, 1.0],
                [0.999942, -0.0, 0.010809, -5e-06, 0.004139, 0.923783, -0.382895, 0.000946, -0.009985, 0.382918, 0.923729, 0.760649, 0.0, 0.0, 0.0, 1.0],
                [0.999942, -0.0, 0.010809, -5e-06, 0.004139, 0.923783, -0.382895, 0.000946, -0.009985, 0.382918, 0.923729, 0.760649, 0.0, 0.0, 0.0, 1.0],
                [0.999942, -0.0, 0.010809, -5e-06, 0.004139, 0.923783, -0.382895, 0.000946, -0.009985, 0.382918, 0.923729, 0.760649, 0.0, 0.0, 0.0, 1.0],
                [0.999942, -0.0, 0.010809, -5e-06, 0.004139, 0.923783, -0.382895, 0.000946, -0.009985, 0.382918, 0.923729, 0.760649, 0.0, 0.0, 0.0, 1.0],
                [0.999942, -0.0, 0.010809, -5e-06, 0.004139, 0.923783, -0.382895, 0.000946, -0.009985, 0.382918, 0.923729, 0.760649, 0.0, 0.0, 0.0, 1.0],
                [0.999942, 0.0, 0.010809, -5e-06, 0.004139, 0.923782, -0.382895, 0.000946, -0.009985, 0.382918, 0.923728, 0.760649, 0.0, 0.0, 0.0, 1.0]
            ]
        },
        {
            "name": "Thigh_R",
            "time": [0.0, 0.0333, 0.0667, 0.1, 0.1333, 0.1667, 0.2, 0.2333, 0.2667, 0.3, 0.3333, 0.3667, 0.4, 0.4333, 0.4667, 0.5, 0.5333, 0.5667, 0.6, 0.6333, 0.6667, 0.7, 0.7333, 0.7667, 0.8, 0.8333, 0.8667, 0.9, 0.9333, 0.9667, 1.0, 1.0333, 1.0667, 1.1, 1.1333, 1.1667, 1.2, 1.2333, 1.2667, 1.3, 1.3333, 1.3667, 1.4, 1.4333, 1.4667, 1.5, 1.5333, 1.5667, 1.6, 1.6333, 1.6667, 1.7, 1.7333, 1.7667, 1.8, 1.8333, 1.8667, 1.9, 1.9333, 1.9667, 2.0, 2.0333, 2.0667, 2.0833],
            "transform": [
                [0.997553, 0.068408, 0.014428, 0.124994, 0.06947, -0.946687, -0.314571, -0.002831, -0.00786, 0.314802, -0.949125, -1.2e-05, 0.0, 0.0, 0.0, 1.0],
                [0.997547, 0.068346, 0.015077, 0.124994, 0.069528, -0.943036, -0.32534, -0.002831, -0.008017, 0.325589, -0.945477, -1.2e-05, 0.0, 0.0, 0.0, 1.0],
                [0.997542, 0.068274, 0.015733, 0.124994, 0.069586, -0.939241, -0.336125, -0.002831, -0.008171, 0.336393, -0.941686, -1.2e-05, 0.0, 0.0, 0.0, 1.0],
                [0.997537, 0.068194, 0.01639, 0.124994, 0.069641, -0.935343, -0.346815, -0.002831, -0.00832, 0.347101, -0.937791, -1.2e-05, 0.0, 0.0, 0.0, 1.0],
                [0.997532, 0.068107, 0.017041, 0.124994, 0.069694, -0.931384, -0.357299, -0.002831, -0.008463, 0.357603, -0.933835, -1.2e-05, 0.0, 0.0, 0.0, 1.0],
                [0.997528, 0.068013, 0.017677, 0.124994, 0.069745, -0.927414, -0.367471, -0.002831, -0.008599, 0.367794, -0.929868, -1.2e-05, 0.0, 0.0, 0.0, 1.0],
                [0.997523, 0.067915, 0.018293, 0.124994, 0.069792, -0.923484, -0.37723, -0.002831, -0.008727, 0.377571, -0.925939, -1.2e-05, 0.0, 0.0, 0.0, 1.0],
                [0.997519, 0.067815, 0.018881, 0.124994, 0.069837, -0.919648, -0.38648, -0.002831, -0.008846, 0.386838, -0.922105, -1.2e-05, 0.0, 0.0, 0.0, 1.0],
                [0.997515, 0.067715, 0.019434, 0.124994, 0.069877, -0.915961, -0.395132, -0.002831, -0.008955, 0.395507, -0.918419, -1.2e-05, 0.0, 0.0, 0.0, 1.0],
                [0.997512, 0.067617, 0.019948, 0.124994, 0.069914, -0.912477, -0.403106, -0.002831, -0.009055, 0.403496, -0.914936, -1.2e-05, 0.0, 0.0, 0.0, 1.0],
                [0.997508, 0.067524, 0.020416, 0.124994, 0.069948, -0.90925, -0.410327, -0.002831, -0.009144, 0.410732, -0.91171, -1.2e-05, 0.0, 0.0, 0.0, 1.0],
                [0.997506, 0.067437, 0.020833, 0.124994, 0.069976, -0.90633, -0.416734, -0.002831, -0.009221, 0.41715, -0.908791, -1.2e-05, 0.0, 0.0, 0.0, 1.0],
                [0.997504, 0.067359, 0.021195, 0.124994, 0.070001, -0.903763, -0.422268, -0.002831, -0.009288, 0.422696, -0.906224, -1.2e-05, 0.0, 0.0, 0.0, 1.0],
                [0.997502, 0.067292, 0.021498, 0.124994, 0.070022, -0.90159, -0.426883, -0.002831, -0.009343, 0.42732, -0.904052, -1.2e-05, 0.0, 0.0, 0.0, 1.0],
                [0.9975, 0.067237, 0.021739, 0.124994, 0.070038, -0.899848, -0.430541, -0.002831, -0.009387, 0.430986, -0.902309, -1.2e-05, 0.0, 0.0, 0.0, 1.0],
                [0.997499, 0.067196, 0.021915, 0.124994, 0.07005, -0.898564, -0.433212, -0.002831, -0.009418, 0.433662, -0.901026, -1.2e-05, 0.0, 0.0, 0.0, 1.0],
                [0.997498, 0.067171, 0.022025, 0.124994, 0.070057, -0.89776, -0.434875, -0.002831, -0.009438, 0.435328, -0.900222, -1.2e-05, 0.0, 0.0, 0.0, 1.0],
                [0.997498, 0.067161, 0.022067, 0.124994, 0.07006, -0.897449, -0.435515, -0.002831, -0.009445, 0.43597, -0.899911, -1.2e-05, 0.0, 0.0, 0.0, 1.0],
                [0.997498, 0.067167, 0.022042, 0.124994, 0.070058, -0.897637, -0.435129, -0.002831, -0.009441, 0.435583, -0.900099, -1.2e-05, 0.0, 0.0, 0.0, 1.0],
                [0.997499, 0.067189, 0.021949, 0.124994, 0.070052, -0.89832, -0.433719, -0.002831, -0.009424, 0.43417, -0.900782, -1.2e-05, 0.0, 0.0, 0.0, 1.0],
                [0.997499, 0.067226, 0.021789, 0.124994, 0.070041, -0.899486, -0.431296, -0.002831, -0.009395, 0.431742, -0.901948, -1.2e-05, 0.0, 0.0, 0.0, 1.0],
                [0.997501, 0.067277, 0.021564, 0.124994, 0.070026, -0.901117, -0.42788, -0.002831, -0.009355, 0.428319, -0.903579, -1.2e-05, 0.0, 0.0, 0.0, 1.0],
                [0.997503, 0.067341, 0.021276, 0.124994, 0.070007, -0.903186, -0.423499, -0.002831, -0.009303, 0.423929, -0.905647, -1.2e-05, 0.0, 0.0, 0.0, 1.0],
                [0.997505, 0.067416, 0.020928, 0.124994, 0.069983, -0.905659, -0.418188, -0.002831, -0.009239, 0.418608, -0.908119, -1.2e-05, 0.0, 0.0, 0.0, 1.0],
                [0.997508, 0.067501, 0.020524, 0.124994, 0.069955, -0.908496, -0.411993, -0.002831, -0.009164, 0.412401, -0.910956, -1.2e-05, 0.0, 0.0, 0.0, 1.0],
                [0.997511, 0.067593, 0.020068, 0.124994, 0.069923, -0.911652, -0.404968, -0.002831, -0.009078, 0.405362, -0.914111, -1.2e-05, 0.0, 0.0, 0.0, 1.0],
                [0.997515, 0.067691, 0.019566, 0.124994, 0.069887, -0.915077, -0.397174, -0.002831, -0.008981, 0.397553, -0.917535, -1.2e-05, 0.0, 0.0, 0.0, 1.0],
                [0.997518, 0.06779, 0.019021, 0.124994, 0.069847, -0.918719, -0.388683, -0.002831, -0.008874, 0.389045, -0.921176, -1.2e-05, 0.0, 0.0, 0.0, 1.0],
                [0.997522, 0.067891, 0.018441, 0.124994, 0.069804, -0.922523, -0.379573, -0.002831, -0.008757, 0.379918, -0.924978, -1.2e-05, 0.0, 0.0, 0.0, 1.0],
                [0.997527, 0.067989, 0.017832, 0.124994, 0.069757, -0.926435, -0.369932, -0.002831, -0.008631, 0.370259, -0.928888, -1.2e-05, 0.0, 0.0, 0.0, 1.0],
                [0.997531, 0.068084, 0.0172, 0.124994, 0.069707, -0.9304, -0.359853, -0.002831, -0.008497, 0.360162, -0.932851, -1.2e-05, 0.0, 0.0, 0.0, 1.0],
                [0.997536, 0.068173, 0.016552, 0.124994, 0.069654, -0.934366, -0.349436, -0.002831, -0.008356, 0.349727, -0.936814, -1.2e-05, 0.0, 0.0, 0.0, 1.0],
                [0.997541, 0.068255, 0.015897, 0.124994, 0.069599, -0.938284, -0.338787, -0.002831, -0.008208, 0.339059, -0.940729, -1.2e-05, 0.0, 0.0, 0.0, 1.0],
                [0.997547, 0.068329, 0.015239, 0.124994, 0.069543, -0.942108, -0.328015, -0.002831, -0.008056, 0.328269, -0.94455, -1.2e-05, 0.0, 0.0, 0.0, 1.0],
                [0.997552, 0.068393, 0.014588, 0.124994, 0.069484, -0.945797, -0.317231, -0.002831, -0.007899, 0.317467, -0.948236, -1.2e-05, 0.0, 0.0, 0.0, 1.0],
                [0.997557, 0.068448, 0.013949, 0.124994, 0.069425, -0.949318, -0.306549, -0.002831, -0.00774, 0.306767, -0.951753, -1.2e-05, 0.0, 0.0, 0.0, 1.0],
                [0.997562, 0.068494, 0.01333, 0.124994, 0.069366, -0.952639, -0.29608, -0.002831, -0.007581, 0.296282, -0.955071, -1.2e-05, 0.0, 0.0, 0.0, 1.0],
                [0.997568, 0.06853, 0.012736, 0.124994, 0.069307, -0.955738, -0.285934, -0.002831, -0.007423, 0.28612, -0.958165, -1.2e-05, 0.0, 0.0, 0.0, 1.0],
                [0.997573, 0.068557, 0.012173, 0.124994, 0.069249, -0.958596, -0.276217, -0.002831, -0.007267, 0.276389, -0.961018, -1.2e-05, 0.0, 0.0, 0.0, 1.0],
                [0.997578, 0.068576, 0.011647, 0.124994, 0.069193, -0.961199, -0.267031, -0.002831, -0.007117, 0.267189, -0.963618, -1.2e-05, 0.0, 0.0, 0.0, 1.0],
                [0.997583, 0.068588, 0.011161, 0.124994, 0.06914, -0.96354, -0.258471, -0.002831, -0.006974, 0.258617, -0.965955, -1.2e-05, 0.0, 0.0, 0.0, 1.0],
                [0.997587, 0.068595, 0.010721, 0.124994, 0.06909, -0.965614, -0.250626, -0.002831, -0.006839, 0.250761, -0.968025, -1.2e-05, 0.0, 0.0, 0.0, 1.0],
                [0.997591, 0.068596, 0.010329, 0.124994, 0.069044, -0.967419, -0.243575, -0.002831, -0.006716, 0.243701, -0.969828, -1.2e-05, 0.0, 0.0, 0.0, 1.0],
                [0.997594, 0.068595, 0.009987, 0.124994, 0.069003, -0.968958, -0.23739, -0.002831, -0.006606, 0.237507, -0.971363, -1.2e-05, 0.0, 0.0, 0.0, 1.0],
                [0.997598, 0.068592, 0.009699, 0.124994, 0.068968, -0.970234, -0.232132, -0.002831, -0.006512, 0.232243, -0.972636, -1.2e-05, 0.0, 0.0, 0.0, 1.0],
                [0.9976, 0.068588, 0.009467, 0.124994, 0.068939, -0.97125, -0.227854, -0.002831, -0.006433, 0.227959, -0.97365, -1.2e-05, 0.0, 0.0, 0.0, 1.0],
                [0.997602, 0.068584, 0.009291, 0.124994, 0.068916, -0.97201, -0.224597, -0.002831, -0.006373, 0.224698, -0.974408, -1.2e-05, 0.0, 0.0, 0.0, 1.0],
                [0.997603, 0.06858, 0.009172, 0.124994, 0.068901, -0.972518, -0.222394, -0.002831, -0.006332, 0.222492, -0.974914, -1.2e-05, 0.0, 0.0, 0.0, 1.0],
                [0.997604, 0.068579, 0.009111, 0.124994, 0.068893, -0.972775, -0.221265, -0.002831, -0.006311, 0.221361, -0.975171, -1.2e-05, 0.0, 0.0, 0.0, 1.0],
                [0.997604, 0.068579, 0.009109, 0.124994, 0.068893, -0.972785, -0.221221, -0.002831, -0.00631, 0.221318, -0.975181, -1.2e-05, 0.0, 0.0, 0.0, 1.0],
                [0.997603, 0.06858, 0.009165, 0.124994, 0.0689, -0.972547, -0.222264, -0.002831, -0.00633, 0.222362, -0.974944, -1.2e-05, 0.0, 0.0, 0.0, 1.0],
                [0.997602, 0.068583, 0.009279, 0.124994, 0.068915, -0.972059, -0.224383, -0.002831, -0.006369, 0.224483, -0.974457, -1.2e-05, 0.0, 0.0, 0.0, 1.0],
                [0.9976, 0.068587, 0.009451, 0.124994, 0.068937, -0.97132, -0.227557, -0.002831, -0.006428, 0.227661, -0.973719, -1.2e-05, 0.0, 0.0, 0.0, 1.0],
                [0.997598, 0.068592, 0.009679, 0.124994, 0.068965, -0.970325, -0.231755, -0.002831, -0.006505, 0.231865, -0.972726, -1.2e-05, 0.0, 0.0, 0.0, 1.0],
                [0.997595, 0.068595, 0.009962, 0.124994, 0.069, -0.96907, -0.236937, -0.002831, -0.006598, 0.237053, -0.971474, -1.2e-05, 0.0, 0.0, 0.0, 1.0],
                [0.997591, 0.068596, 0.010299, 0.124994, 0.069041, -0.967552, -0.24305, -0.002831, -0.006707, 0.243175, -0.969959, -1.2e-05, 0.0, 0.0, 0.0, 1.0],
                [0.997587, 0.068595, 0.010688, 0.124994, 0.069086, -0.965767, -0.250035, -0.002831, -0.006829, 0.250169, -0.968178, -1.2e-05, 0.0, 0.0, 0.0, 1.0],
                [0.997583, 0.068589, 0.011125, 0.124994, 0.069136, -0.963714, -0.25782, -0.002831, -0.006963, 0.257964, -0.966129, -1.2e-05, 0.0, 0.0, 0.0, 1.0],
                [0.997579, 0.068577, 0.011607, 0.124994, 0.069189, -0.961395, -0.266325, -0.002831, -0.007105, 0.266482, -0.963814, -1.2e-05, 0.0, 0.0, 0.0, 1.0],
                [0.997573, 0.068559, 0.01213, 0.124994, 0.069245, -0.958812, -0.275465, -0.002831, -0.007255, 0.275635, -0.961235, -1.2e-05, 0.0, 0.0, 0.0, 1.0],
                [0.997568, 0.068532, 0.01269, 0.124994, 0.069302, -0.955975, -0.285143, -0.002831, -0.00741, 0.285328, -0.958401, -1.2e-05, 0.0, 0.0, 0.0, 1.0],
                [0.997563, 0.068497, 0.013282, 0.124994, 0.069361, -0.952895, -0.295259, -0.002831, -0.007568, 0.295459, -0.955325, -1.2e-05, 0.0, 0.0, 0.0, 1.0],
                [0.997558, 0.068452, 0.013899, 0.124994, 0.069421, -0.94959, -0.305706, -0.002831, -0.007728, 0.305923, -0.952025, -1.2e-05, 0.0, 0.0, 0.0, 1.0],
                [0.997555, 0.068426, 0.014216, 0.124994, 0.06945, -0.947861, -0.31102, -0.002831, -0.007807, 0.311246, -0.950297, -1.2e-05, 0.0, 0.0, 0.0, 1.0]
            ]
        },
        {
            "name": "Leg_R",
            "time": [0.0, 0.0333, 0.0667, 0.1, 0.1333, 0.1667, 0.2, 0.2333, 0.2667, 0.3, 0.3333, 0.3667, 0.4, 0.4333, 0.4667, 0.5, 0.5333, 0.5667, 0.6, 0.6333, 0.6667, 0.7, 0.7333, 0.7667, 0.8, 0.8333, 0.8667, 0.9, 0.9333, 0.9667, 1.0, 1.0333, 1.0667, 1.1, 1.1333, 1.1667, 1.2, 1.2333, 1.2667, 1.3, 1.3333, 1.3667, 1.4, 1.4333, 1.4667, 1.5, 1.5333, 1.5667, 1.6, 1.6333, 1.6667, 1.7, 1.7333, 1.7667, 1.8, 1.8333, 1.8667, 1.9, 1.9333, 1.9667, 2.0, 2.0333, 2.0667, 2.0833],
            "transform": [
                [1.0, -0.0, 1e-06, 0.0, -0.0, 0.999995, 0.004835, 0.374726, -1e-06, -0.004835, 0.999981, 0.0, 0.0, 0.0, 0.0, 1.0],
                [1.0, 0.0, 1e-06, 0.0, 0.0, 0.999996, 0.004834, 0.374726, -1e-06, -0.004834, 0.99998, -0.0, 0.0, 0.0, 0.0, 1.0],
                [1.000001, 0.0, 1e-06, 0.0, -0.0, 0.999997, 0.004833, 0.374726, -1e-06, -0.004834, 0.999981, 0.0, 0.0, 0.0, 0.0, 1.0],
                [1.0, 0.0, 1e-06, -0.0, 0.0, 0.999997, 0.004833, 0.374726, -1e-06, -0.004833, 0.99998, 0.0, 0.0, 0.0, 0.0, 1.0],
                [1.0, 0.0, 1e-06, 0.0, 0.0, 0.999997, 0.004833, 0.374726, -1e-06, -0.004833, 0.999981, 0.0, 0.0, 0.0, 0.0, 1.0],
                [1.0, 0.0, 1e-06, 0.0, 0.0, 0.999997, 0.004832, 0.374726, -1e-06, -0.004833, 0.99998, -0.0, 0.0, 0.0, 0.0, 1.0],
                [1.0, 0.0, 1e-06, -0.0, 0.0, 0.999996, 0.004832, 0.374726, -1e-06, -0.004833, 0.99998, -0.0, 0.0, 0.0, 0.0, 1.0],
                [1.0, 0.0, 1e-06, 0.0, 0.0, 0.999996, 0.004832, 0.374726, -1e-06, -0.004833, 0.99998, -0.0, 0.0, 0.0, 0.0, 1.0],
                [1.0, 0.0, 1e-06, 0.0, 0.0, 0.999996, 0.004832, 0.374726, -1e-06, -0.004833, 0.99998, 0.0, 0.0, 0.0, 0.0, 1.0],
                [1.0, 0.0, 1e-06, -0.0, 0.0, 0.999996, 0.004833, 0.374726, -1e-06, -0.004833, 0.99998, -0.0, 0.0, 0.0, 0.0, 1.0],
                [1.000001, 0.0, 1e-06, 0.0, 0.0, 0.999997, 0.004833, 0.374726, -1e-06, -0.004833, 0.99998, -0.0, 0.0, 0.0, 0.0, 1.0],
                [1.0, 0.0, 1e-06, -0.0, -0.0, 0.999997, 0.004833, 0.374726, -1e-06, -0.004833, 0.99998, -0.0, 0.0, 0.0, 0.0, 1.0],
                [1.0, -0.0, 1e-06, 0.0, 0.0, 0.999996, 0.004833, 0.374726, -1e-06, -0.004834, 0.999981, -0.0, 0.0, 0.0, 0.0, 1.0],
                [1.0, -0.0, 1e-06, -0.0, 0.0, 0.999996, 0.004834, 0.374726, -1e-06, -0.004834, 0.999981, 0.0, 0.0, 0.0, 0.0, 1.0],
                [1.0, 0.0, 1e-06, -0.0, 0.0, 0.999996, 0.004834, 0.374726, -1e-06, -0.004834, 0.99998, 0.0, 0.0, 0.0, 0.0, 1.0],
                [1.000001, -0.0, 1e-06, 0.0, 0.0, 0.999997, 0.004834, 0.374726, -1e-06, -0.004834, 0.99998, 0.0, 0.0, 0.0, 0.0, 1.0],
                [1.0, -0.0, 1e-06, 0.0, 0.0, 0.999997, 0.004834, 0.374726, -1e-06, -0.004834, 0.99998, -0.0, 0.0, 0.0, 0.0, 1.0],
                [1.000001, -0.0, 1e-06, -0.0, -0.0, 0.999997, 0.004834, 0.374726, -1e-06, -0.004834, 0.99998, -0.0, 0.0, 0.0, 0.0, 1.0],
                [1.0, 0.0, 1e-06, -0.0, -0.0, 0.999997, 0.004834, 0.374726, -1e-06, -0.004834, 0.99998, 0.0, 0.0, 0.0, 0.0, 1.0],
                [1.0, 0.0, 1e-06, -0.0, 0.0, 0.999997, 0.004834, 0.374726, -1e-06, -0.004834, 0.99998, 0.0, 0.0, 0.0, 0.0, 1.0],
                [1.000001, 0.0, 1e-06, 0.0, 0.0, 0.999997, 0.004834, 0.374726, -1e-06, -0.004834, 0.99998, 0.0, 0.0, 0.0, 0.0, 1.0],
                [1.0, 0.0, 1e-06, 0.0, 0.0, 0.999996, 0.004834, 0.374726, -1e-06, -0.004834, 0.999979, 0.0, 0.0, 0.0, 0.0, 1.0],
                [1.000001, -0.0, 1e-06, -0.0, -0.0, 0.999997, 0.004833, 0.374726, -1e-06, -0.004834, 0.99998, -0.0, 0.0, 0.0, 0.0, 1.0],
                [1.0, -0.0, 1e-06, -0.0, 0.0, 0.999997, 0.004833, 0.374726, -1e-06, -0.004833, 0.999981, -0.0, 0.0, 0.0, 0.0, 1.0],
                [1.0, -0.0, 1e-06, 0.0, 0.0, 0.999996, 0.004833, 0.374726, -1e-06, -0.004833, 0.99998, 0.0, 0.0, 0.0, 0.0, 1.0],
                [1.0, 0.0, 1e-06, 0.0, 0.0, 0.999997, 0.004833, 0.374726, -1e-06, -0.004833, 0.99998, 0.0, 0.0, 0.0, 0.0, 1.0],
                [1.000001, -0.0, 1e-06, -0.0, -0.0, 0.999997, 0.004833, 0.374726, -1e-06, -0.004833, 0.99998, -0.0, 0.0, 0.0, 0.0, 1.0],
                [1.0, 0.0, 1e-06, 0.0, -0.0, 0.999997, 0.004832, 0.374726, -1e-06, -0.004833, 0.999979, -0.0, 0.0, 0.0, 0.0, 1.0],
                [1.0, -0.0, 1e-06, 0.0, -0.0, 0.999997, 0.004832, 0.374726, -1e-06, -0.004833, 0.99998, -0.0, 0.0, 0.0, 0.0, 1.0],
                [1.000001, 0.0, 1e-06, 0.0, -0.0, 0.999997, 0.004832, 0.374726, -1e-06, -0.004833, 0.99998, 0.0, 0.0, 0.0, 0.0, 1.0],
                [1.0, -0.0, 1e-06, 0.0, -0.0, 0.999997, 0.004833, 0.374726, -1e-06, -0.004833, 0.99998, 0.0, 0.0, 0.0, 0.0, 1.0],
                [1.0, 0.0, 1e-06, -0.0, 0.0, 0.999997, 0.004833, 0.374726, -1e-06, -0.004833, 0.99998, -0.0, 0.0, 0.0, 0.0, 1.0],
                [1.0, 0.0, 1e-06, -0.0, -0.0, 0.999997, 0.004833, 0.374726, -1e-06, -0.004833, 0.99998, 0.0, 0.0, 0.0, 0.0, 1.0],
                [1.0, 0.0, 1e-06, 0.0, 0.0, 0.999997, 0.004834, 0.374726, -1e-06, -0.004834, 0.99998, 0.0, 0.0, 0.0, 0.0, 1.0],
                [1.0, -0.0, 1e-06, -0.0, 0.0, 0.999996, 0.004834, 0.374726, -1e-06, -0.004835, 0.99998, 0.0, 0.0, 0.0, 0.0, 1.0],
                [1.0, -0.0, 1e-06, -0.0, -0.0, 0.999997, 0.004835, 0.374726, -1e-06, -0.004835, 0.99998, 0.0, 0.0, 0.0, 0.0, 1.0],
                [1.0, 0.0, 1e-06, -0.0, -0.0, 0.999997, 0.004836, 0.374726, -1e-06, -0.004836, 0.999979, 0.0, 0.0, 0.0, 0.0, 1.0],
                [1.000001, 0.0, 1e-06, 0.0, -0.0, 0.999997, 0.004837, 0.374726, -1e-06, -0.004837, 0.999981, 0.0, 0.0, 0.0, 0.0, 1.0],
                [1.0, -0.0, 1e-06, 0.0, -0.0, 0.999997, 0.004838, 0.374726, -1e-06, -0.004838, 0.99998, 0.0, 0.0, 0.0, 0.0, 1.0],
                [1.0, 0.0, 1e-06, 0.0, 0.0, 0.999996, 0.004839, 0.374726, -1e-06, -0.004839, 0.99998, -0.0, 0.0, 0.0, 0.0, 1.0],
                [1.0, 0.0, 1e-06, 0.0, -0.0, 0.999998, 0.00484, 0.374726, -1e-06, -0.00484, 0.99998, -0.0, 0.0, 0.0, 0.0, 1.0],
                [1.0, -0.0, 1e-06, -0.0, -0.0, 0.999997, 0.004841, 0.374726, -1e-06, -0.004841, 0.999979, 0.0, 0.0, 0.0, 0.0, 1.0],
                [1.0, 0.0, 1e-06, -0.0, 0.0, 0.999998, 0.004842, 0.374726, -1e-06, -0.004842, 0.999978, -0.0, 0.0, 0.0, 0.0, 1.0],
                [1.0, 0.0, 1e-06, -0.0, -0.0, 0.999998, 0.004843, 0.374726, -1e-06, -0.004843, 0.999978, -0.0, 0.0, 0.0, 0.0, 1.0],
                [1.0, -0.0, 1e-06, -0.0, 0.0, 0.999997, 0.004844, 0.374726, -1e-06, -0.004844, 0.999979, -0.0, 0.0, 0.0, 0.0, 1.0],
                [1.0, -0.0, 1e-06, 0.0, -0.0, 0.999997, 0.004844, 0.374726, -1e-06, -0.004844, 0.99998, -0.0, 0.0, 0.0, 0.0, 1.0],
                [1.0, -0.0, 1e-06, 0.0, 0.0, 0.999998, 0.004845, 0.374726, -1e-06, -0.004845, 0.99998, -0.0, 0.0, 0.0, 0.0, 1.0],
                [1.0, -0.0, 1e-06, -0.0, 0.0, 0.999997, 0.004845, 0.374726, -1e-06, -0.004845, 0.99998, -0.0, 0.0, 0.0, 0.0, 1.0],
                [1.0, -0.0, 1e-06, -0.0, 0.0, 0.999998, 0.004845, 0.374726, -1e-06, -0.004845, 0.999979, 0.0, 0.0, 0.0, 0.0, 1.0],
                [1.0, -0.0, 1e-06, -0.0, 0.0, 0.999997, 0.004845, 0.374726, -1e-06, -0.004845, 0.999979, 0.0, 0.0, 0.0, 0.0, 1.0],
                [1.0, 0.0, 1e-06, -0.0, 0.0, 0.999997, 0.004845, 0.374726, -1e-06, -0.004845, 0.99998, -0.0, 0.0, 0.0, 0.0, 1.0],
                [1.0, -0.0, 1e-06, -0.0, -0.0, 0.999998, 0.004845, 0.374726, -1e-06, -0.004845, 0.999979, -0.0, 0.0, 0.0, 0.0, 1.0],
                [1.0, -0.0, 1e-06, -0.0, 0.0, 0.999997, 0.004844, 0.374726, -1e-06, -0.004844, 0.999979, -0.0, 0.0, 0.0, 0.0, 1.0],
                [1.0, -0.0, 1e-06, -0.0, -0.0, 0.999998, 0.004844, 0.374726, -1e-06, -0.004844, 0.999979, -0.0, 0.0, 0.0, 0.0, 1.0],
                [1.0, 0.0, 1e-06, 0.0, -0.0, 0.999998, 0.004843, 0.374726, -1e-06, -0.004843, 0.999979, -0.0, 0.0, 0.0, 0.0, 1.0],
                [1.0, 0.0, 1e-06, 0.0, -0.0, 0.999998, 0.004842, 0.374726, -1e-06, -0.004842, 0.999978, -0.0, 0.0, 0.0, 0.0, 1.0],
                [1.0, 0.0, 1e-06, 0.0, 0.0, 0.999998, 0.004841, 0.374726, -1e-06, -0.004841, 0.999979, 0.0, 0.0, 0.0, 0.0, 1.0],
                [1.0, 0.0, 1e-06, -0.0, 0.0, 0.999998, 0.00484, 0.374726, -1e-06, -0.00484, 0.999979, -0.0, 0.0, 0.0, 0.0, 1.0],
                [1.0, -0.0, 1e-06, 0.0, -0.0, 0.999997, 0.004839, 0.374726, -1e-06, -0.004839, 0.999979, 0.0, 0.0, 0.0, 0.0, 1.0],
                [1.0, -0.0, 1e-06, -0.0, -0.0, 0.999998, 0.004838, 0.374726, -1e-06, -0.004838, 0.999979, 0.0, 0.0, 0.0, 0.0, 1.0],
                [1.0, -0.0, 1e-06, 0.0, 0.0, 0.999998, 0.004837, 0.374726, -1e-06, -0.004837, 0.999979, -0.0, 0.0, 0.0, 0.0, 1.0],
                [1.0, 0.0, 1e-06, -0.0, 0.0, 0.999998, 0.004836, 0.374726, -1e-06, -0.004836, 0.99998, -0.0, 0.0, 0.0, 0.0, 1.0],
                [1.0, -0.0, 1e-06, 0.0, -0.0, 0.999998, 0.004835, 0.374726, -1e-06, -0.004836, 0.999979, 0.0, 0.0, 0.0, 0.0, 1.0],
                [1.0, 0.0, 1e-06, 0.0, 0.0, 0.999996, 0.004835, 0.374726, -1e-06, -0.004835, 0.999981, -0.0, 0.0, 0.0, 0.0, 1.0]
            ]
        },
        {
            "name": "Knee_R",
            "time": [0.0, 2.0833],
            "transform": [
                [1.0, 0.0, -0.0, 0.0, -0.0, 0.00567, -0.999984, 0.374726, -0.0, 0.999984, 0.00567, 0.0, 0.0, 0.0, 0.0, 1.0],
                [1.0, 0.0, -0.0, 0.0, -0.0, 0.00567, -0.999984, 0.374726, -0.0, 0.999984, 0.00567, -0.0, 0.0, 0.0, 0.0, 1.0]
            ]
        },
        {
            "name": "Thigh_L",
            "time": [0.0, 0.0333, 0.0667, 0.1, 0.1333, 0.1667, 0.2, 0.2333, 0.2667, 0.3, 0.3333, 0.3667, 0.4, 0.4333, 0.4667, 0.5, 0.5333, 0.5667, 0.6, 0.6333, 0.6667, 0.7, 0.7333, 0.7667, 0.8, 0.8333, 0.8667, 0.9, 0.9333, 0.9667, 1.0, 1.0333, 1.0667, 1.1, 1.1333, 1.1667, 1.2, 1.2333, 1.2667, 1.3, 1.3333, 1.3667, 1.4, 1.4333, 1.4667, 1.5, 1.5333, 1.5667, 1.6, 1.6333, 1.6667, 1.7, 1.7333, 1.7667, 1.8, 1.8333, 1.8667, 1.9, 1.9333, 1.9667, 2.0, 2.0333, 2.0667, 2.0833],
            "transform": [
                [0.996451, -0.076375, -0.035373, -0.125006, -0.083742, -0.941857, -0.32541, -0.002831, -0.008463, 0.327217, -0.944911, -1.2e-05, 0.0, 0.0, 0.0, 1.0],
                [0.996452, -0.076213, -0.035712, -0.125006, -0.083596, -0.945458, -0.314831, -0.002831, -0.00977, 0.316699, -0.948475, -1.2e-05, 0.0, 0.0, 0.0, 1.0],
                [0.99645, -0.076044, -0.036113, -0.125006, -0.083445, -0.948904, -0.304331, -0.002831, -0.011125, 0.306263, -0.951881, -1.2e-05, 0.0, 0.0, 0.0, 1.0],
                [0.996446, -0.07587, -0.036572, -0.125006, -0.083289, -0.952164, -0.294018, -0.002831, -0.012516, 0.296018, -0.9551, -1.2e-05, 0.0, 0.0, 0.0, 1.0],
